-0.0411272210
-0.1361288074
-0.1560660850
0.0110817590
-0.1130259860
-0.0863243298
0.2230621768
-0.0249393793
-0.0799829368
-0.0157843558
0.0269497024
-0.0658189520
0.1019644619
-0.0792685202
-0.0729060670
-0.1731038922
0.1465133212
0.0142034346
-0.0226609946
-0.0296761055
0.0042070084
0.1363393043
0.2565894195
0.0992637901
0.1781993443
-0.0902204046
0.0615610280
0.0588723745
-0.1442354469
0.1191237236
-0.1723701895
-0.0720230897
-0.0364799509
0.0071648321
0.0039949798
-0.1933256871
0.0156374836
-0.0149957126
0.0644504721
0.0551834052
-0.2705960590
-0.1306602881
0.0256394020
-0.0259451353
-0.0427696996
0.1320482453
-0.1186911714
0.0945885788
-0.0038479535
0.0514614726
0.0605868396
0.0510988988
0.1103836493
-0.1272970965
-0.0391767098
0.1258390145
-0.0796170607
0.0548852154
-0.0030662279
0.0487299187
-0.1533604160
-0.0291424303
0.1314257981
-0.0144234933
-0.0793560739
-0.0683792014
0.1315961987
0.0782174553
0.0000827764
-0.0691807927
-0.1185178431
-0.1056004379
-0.0945130823
0.2359781834
-0.1247344807
0.0950130416
-0.0774298657
-0.0323536767
0.0675495226
0.0151572273
0.0295127572
0.0301298453
-0.0293258326
0.0700762508
-0.0001398479
0.0285668291
0.0341508511
-0.0461573992
0.0010298720
0.1005378185
-0.0216665236
-0.1805542453
0.1433830187
-0.0411923015
-0.0194476627
-0.0046908820
-0.0017374437
0.0666248053
-0.1657444099
-0.0535363311
0.0238020993
-0.0903596063
0.0520219738
0.0405012951
-0.0792279353
0.0282096526
0.1220845192
-0.0447939168
-0.1608643245
-0.0178114933
-0.0983316999
0.1178704049
-0.0934647522
0.0296619008
-0.0258638630
0.0378002976
-0.0925333494
0.0830307868
0.1091255088
0.0747887378
-0.0036187928
-0.0149177797
0.0509551666
0.1754849010
-0.0180190535
0.0410503596
0.0989949012
-0.1978584208
0.0388213774
0.0107283474
-0.0637024840
-0.1696390836
0.1395330681
0.0254827240
0.0235871934
-0.0184903365
0.1379416733
0.2323942138
-0.0057305814
-0.0894300815
0.0479697444
-0.0290102180
-0.0096186863
0.0178638705
-0.1457019582
0.1881430752
-0.0994699091
-0.0716869351
-0.0329496890
0.0243031193
0.0423239540
0.1481060829
-0.0548625659
0.0114455453
0.0282572823
0.0051542465
-0.0165944570
0.1131078383
0.0529825991
-0.0978712800
-0.0990076876
-0.0023239103
0.0741951249
0.0221849105
-0.0156658973
0.1190310672
-0.0404542774
0.0373009004
0.0304502548
-0.0475755871
0.0982915155
0.1055366212
-0.0570395014
-0.0625612730
-0.0075123764
0.1145191737
0.0081121395
-0.0238064108
0.1561040606
-0.0426587585
0.0431096132
-0.0616780915
0.0919479228
0.0052241688
-0.0975487151
-0.1555694992
0.1319972502
0.0907325174
-0.1054100176
0.0506399029
0.0021669636
0.0580237634
0.0275452044
0.0180338836
-0.0282470637
0.0761364579
0.1561595680
0.0103139147
0.0079532326
-0.0567928585
-0.0023202099
-0.0743912712
0.0013012454
-0.0216103603
0.1445013274
0.1863436277
0.0727520782
0.0287365784
-0.0560671888
-0.0115536990
-0.0001191974
0.0454199468
-0.0284610061
0.1028977414
0.1003397923
-0.0382680967
-0.0940591903
-0.0412460475
0.0216445832
0.0121141852
-0.0324905705
0.0633998214
-0.0610944137
-0.0572848750
-0.0128636025
0.0908546666
0.1274076308
0.0832879849
0.0860517379
0.0968235190
-0.1230397939
-0.0799378043
-0.0137031028
0.1147187766
0.0177460433
-0.0502962295
0.0188835863
-0.1422020354
-0.0963778201
0.0766694020
0.0110108515
-0.0880818002
-0.0752960259
-0.1044001978
0.1761856372
0.0807825702
0.1278225323
0.0054241798
0.0735910690
-0.0401979119
0.0003573820
0.0445752374
-0.0150756109
0.2239018786
-0.0037976281
0.1607616730
0.0765321676
0.0548706290
-0.1216007765
-0.0670471340
0.0595662542
-0.0115460546
-0.0125916421
0.0123464567
-0.0231438923
-0.1164100298
0.0935997994
0.1162446819
-0.0549219048
-0.0169008351
-0.0459659874
0.0112515574
0.0524394402
0.1891739996
-0.0005222162
-0.0619275438
0.0863330155
0.0312822131
0.0096736979
0.0682935140
0.0580969979
0.0156069652
-0.1199687695
-0.0362824249
-0.0135184507
0.1703165698
-0.0782596595
0.0542866499
-0.1452009498
0.1416283666
-0.0262464199
0.1418214579
-0.0381844979
-0.0972789406
-0.0141994387
-0.2143209359
-0.1691455703
0.0763385354
-0.0151622528
-0.0077951953
-0.0561801451
0.0691460386
0.0295913402
0.0332317631
-0.0121909117
-0.0937164067
0.0038183193
0.0446823764
-0.0199975695
-0.0415541095
-0.1031650939
0.2152698729
-0.0316886451
0.0726738466
-0.0819294542
-0.0126414522
-0.0649030500
0.0093184571
0.0433093580
0.0517027965
-0.0327794112
-0.0415087671
0.1090987993
-0.0896538354
-0.0056544577
0.0811136820
-0.0432622490
-0.0281892738
0.0662944020
0.1735877200
0.0380267780
0.1094499767
0.0443886551
0.0253866426
-0.1148925119
-0.1158133133
-0.0501847808
-0.0622186360
-0.0988350403
-0.2476935115
0.0162482268
0.1377202394
0.0121280988
-0.0616366263
0.0156887834
0.0081387488
0.1030852083
0.1628809084
-0.0416973315
0.0703240892
-0.1141898743
0.0481701095
0.0415854319
-0.1097193153
0.0468009159
0.0238615843
-0.0531768678
0.0496417596
-0.0708336370
-0.1472077973
0.0633628290
0.1513843704
-0.0438179373
-0.0598825700
-0.1071249976
0.0173358625
-0.1243712263
0.0344481139
-0.0874443936
-0.0627217496
-0.1731398471
-0.1131051580
0.0471046010
-0.0561207724
-0.0035755901
0.0666555945
0.0467402498
0.0687553491
-0.0780447756
-0.1252957628
-0.0834580794
-0.0943571051
-0.1199954922
-0.1150250468
0.1603668625
-0.0080526903
0.3078462615
0.0839631132
0.0703605244
-0.0687243557
-0.0040442377
-0.0662986660
-0.0172969580
-0.0004258038
0.0900115547
0.1472662867
-0.2237537848
-0.0127763239
0.1301005486
-0.1114017950
-0.0158215335
0.1504247621
-0.1684180763
-0.1122273741
-0.0356628659
0.1352666294
-0.1661700960
0.0489028234
0.0513105768
-0.0414408010
0.1437624356
0.0292565656
0.0396349827
0.1186542598
-0.0620603713
-0.0049917080
-0.0531535423
-0.1786585314
0.0641112329
-0.0315770648
-0.0518256441
0.0665579677
-0.0736576211
0.0269639074
-0.0685007619
0.0936513635
-0.1115000003
0.0769565082
0.0414243600
-0.1224623435
-0.1120577167
-0.0021546377
-0.0587060004
0.1204866632
0.1364570810
0.0050413599
0.0337412503
0.0174820389
-0.0116147538
-0.1448475273
0.0623596024
-0.0945491115
-0.1309412733
-0.1076762252
0.0118491389
0.0785408938
-0.0899684699
0.0350395763
-0.0037830879
-0.0474789028
-0.0039762830
0.1265697639
0.0495042505
0.1651542556
-0.0439050133
-0.0941912167
-0.1400814427
-0.0634668029
0.3565659156
0.0256024185
0.0574675310
-0.0796737571
0.1256570542
0.0629662897
-0.0569993114
0.0680613786
-0.0741837257
0.1112768765
0.0296775587
0.1818602702
-0.0605378128
0.2253378735
0.0178023190
-0.0092162264
-0.1899508203
-0.0412691379
-0.1322086469
-0.0290204228
0.0585363267
0.1427192980
0.1020353134
0.0964029764
-0.0267565457
0.0033753165
0.0416880890
-0.0293600820
-0.1422644080
-0.0002949721
-0.0272640339
0.0765898199
-0.0793210876
-0.1764781954
-0.2705666971
-0.0515549665
0.0373512171
-0.0561034381
0.0914414198
0.0389772130
0.0616817163
0.0840078043
0.0051964919
0.1885028813
0.1910030589
-0.0507835265
0.2115585732
-0.0307901703
-0.0313664822
0.0697694222
-0.0128628790
-0.1399893737
0.0902719884
0.0980828667
-0.1643968970
0.0360735672
0.1274978214
0.1327010858
-0.0388237523
0.0141821632
0.0857112363
-0.0070253371
-0.1266504529
-0.1165090036
0.0544940198
0.2053354216
0.0127766773
-0.0686341542
0.0921199954
0.0397223500
-0.0276627068
-0.0311343867
-0.1270707692
-0.0885756442
0.1097560726
-0.0804591940
-0.0534462524
-0.1354855063
0.0459826927
0.0634172354
-0.0185623006
0.0052490452
-0.0240551200
-0.0701561946
0.1049170835
-0.0419004745
0.0654138051
0.0065052950
-0.0080341208
-0.0083026547
-0.0016695507
-0.0908341972
0.0633969182
0.0166679814
-0.0839741540
0.0599977804
0.1371031479
-0.1422604582
-0.0454421039
-0.0507226595
-0.0060912026
0.1247003761
0.0122961959
0.0394790093
0.0262667024
0.1148334340
-0.0414906274
-0.0638349968
-0.0439360796
0.0578245380
0.0636460564
0.2281057343
0.0351135870
0.0303989592
0.1876201751
-0.0172224310
-0.1857097082
0.0093259326
0.0582562619
-0.0112763923
0.0010343201
0.0861583413
-0.0797272060
-0.2342855894
0.2261278758
-0.0337336962
0.0563028162
-0.0720584525
-0.1420200416
-0.0519955180
-0.0745922383
0.0857293652
-0.1759338455
-0.0442395877
-0.1261012749
0.0034127935
-0.1441042477
-0.1069797009
0.0735289375
-0.0370010387
0.0497266238
0.0931981780
0.0133402283
0.0537168262
-0.0355151738
-0.1783897730
-0.1065024769
0.0548172573
-0.0058903074
-0.0382844623
0.1321183232
-0.0475910712
-0.0066158836
0.0709511760
-0.1720576117
-0.0489387925
0.0841879866
0.0066377082
0.1880449191
0.0881911551
0.0538855692
-0.1724174588
0.0928783485
-0.1307087100
-0.0160452966
-0.1653053432
-0.0829479842
-0.0203370717
-0.0437027449
-0.0135385551
0.0629895590
-0.0148439375
0.0004052508
0.1465717060
0.0618533292
-0.1867535939
0.0595014522
-0.0091185343
0.1963154040
-0.0066055215
0.0327747615
0.1750310517
-0.1218416013
-0.0866011233
-0.0154431909
0.0040116846
0.1321018664
-0.0522773426
0.0497060480
-0.1042034346
0.1439086669
-0.0858003252
0.1115597332
-0.0671609162
-0.0148689503
0.0680777869
-0.1172500632
0.0713635416
0.0474522184
-0.0478290530
-0.0233909357
0.1097186255
-0.0372691632
0.0288570047
-0.0566753853
-0.1076779016
0.0513614329
-0.1152168694
-0.0961004773
-0.1276827093
-0.0397275209
0.1042245774
0.1204319276
0.0375296197
0.0243684704
-0.1130885713
0.0521913512
-0.0481785137
0.0987215645
-0.0332977365
-0.0536065399
0.0223826549
0.0595232993
-0.0390048651
0.0378848544
-0.1506501428
0.0263393744
-0.0067859763
0.0322703648
0.0772682353
0.0764030602
-0.1620176154
0.0538633698
0.0069919565
0.0246188178
0.0112902157
-0.1347877028
0.0080883871
-0.0068392389
-0.1498768362
0.0023380737
-0.0271228027
-0.0209653163
-0.0458680736
0.0184999701
0.0932180450
-0.1088281095
0.0643652081
0.0878359985
0.0263827255
-0.0923199709
0.0841390439
-0.0357478893
-0.0236415005
0.0022441480
0.0550866536
-0.0603952300
-0.0844145499
0.1513539630
0.0243096075
0.0900594820
-0.1670867182
-0.0932987780
0.0008018340
0.0718718639
-0.1799661238
0.1330366938
-0.0496391458
0.0659734518
-0.0253245810
0.0417882860
0.0387155426
-0.1133545003
0.1206547029
0.0121069130
0.0439428330
-0.1301993875
-0.1992117938
0.1953605466
-0.0050241098
-0.0596287213
0.1788407252
0.0215740010
0.0623018210
-0.0875902578
-0.0129741267
-0.0272639894
0.2128703057
0.0398704701
0.0385845874
0.1553428377
0.0012523157
-0.0511865397
0.0842978117
-0.0745677088
0.1752182398
-0.1311055941
0.0719902128
-0.0576163195
-0.0994818502
-0.1532064756
0.0820810485
-0.0525316186
0.0881557698
-0.0491485059
0.0207782556
0.1321833058
0.0981369290
0.0244051784
0.0082680721
0.0663349319
-0.1470090980
-0.0206444212
-0.0732684008
-0.1705055089
-0.0010420434
0.0209306449
-0.0156629059
-0.0135171124
0.1614182363
0.1172092664
0.2554555124
0.0227776778
0.0148262572
-0.1017923843
-0.1589318741
-0.1451654392
0.1289902035
0.0020180002
-0.0277032554
-0.1023180480
-0.0186968130
-0.0587478766
-0.0299451797
-0.0935844021
-0.0726260076
0.0067028566
0.0187831106
-0.0503446427
-0.1373312312
0.0755429110
-0.0439838918
-0.1370393483
0.1261578910
-0.1027484812
-0.0778459671
-0.0255626284
0.0139775861
-0.0334222241
-0.1312651802
0.1282323523
-0.1248833707
0.0056340918
0.1405457390
-0.1424093621
-0.1728999238
0.1115121365
-0.2197776060
0.0754753867
0.0294429080
0.1861809581
0.0954083606
-0.0058821540
0.0944177822
0.1004689993
0.0339955108
-0.0659197872
-0.0795276375
-0.0378232878
0.0042190728
0.0794529946
0.0196820688
-0.0982498370
-0.0014148156
-0.1220701410
0.0449201828
-0.1175923543
-0.0377564314
-0.0220428105
0.0131197554
-0.0630680310
-0.0426255205
-0.0464131671
-0.1921447446
-0.0514004151
-0.0873552653
0.0640852580
-0.0219070233
-0.0950139939
0.0140216631
-0.0544582648
-0.0649236526
-0.0501929148
-0.0085031666
-0.0470738491
0.1399461974
0.0186257600
0.0572500578
-0.0168210489
0.0021395585
0.0222775035
0.0041468389
-0.1614940069
0.1451161135
0.0341188244
0.0203730802
0.0669553512
-0.0774073191
0.0505399177
0.1009629861
-0.0049527470
0.0301840578
0.0222520959
0.0380435909
-0.2193913681
-0.0020757810
-0.0050857839
-0.0506382372
-0.2062317474
-0.1589168961
-0.0764249087
0.0759623617
-0.0024483953
-0.0856295045
0.0450775843
-0.0073674984
0.0210399888
-0.0297758299
0.0376250082
0.0116881693
0.0941975519
0.0724743232
-0.0752212305
0.0857465290
0.0120005768
0.0516102788
-0.1689266314
0.0384892668
-0.0179298522
-0.0462783888
-0.1380693623
-0.0082163465
0.0461194229
-0.0933475029
-0.0958520749
0.0409880272
-0.1004549976
-0.0794503281
0.0811634319
-0.0849872846
-0.0475158433
0.0050759351
-0.0731491255
-0.1593339733
-0.2065999173
-0.0625786510
-0.0497912218
0.2362136793
0.1150393135
0.0688702918
-0.0586442837
0.0785150912
-0.0451493257
0.0260085969
-0.1124323773
-0.0828700033
0.0790367737
0.0774920282
0.0422730827
0.0434944070
0.1638785599
-0.0070781731
-0.0572327376
0.1149926716
0.0175550590
0.0197166662
0.0282045522
0.0158280943
-0.0802352281
-0.0918565754
0.1735415567
0.0316377286
0.0944392456
0.1828714988
-0.0522188750
0.0261121060
0.1569605112
-0.0624873424
-0.0071827324
0.0205689393
-0.2334879543
0.0330833766
0.0085223108
0.0402225169
-0.1522065645
-0.0198642217
0.0253652458
0.0844668241
-0.0468103844
0.0293231391
-0.0413672098
0.0924433785
-0.0964320161
-0.0628158473
0.0918786704
-0.1316025232
0.1546540349
-0.1042752491
0.1254391054
-0.0344490240
0.1382936773
-0.0016107894
0.0192437732
-0.0318134683
-0.2062351436
0.1232161559
0.0991582086
0.0083045767
0.1920713023
-0.0225447670
-0.0804178970
0.0458021124
-0.0590537052
-0.2039994170
-0.0350172980
-0.0249871741
-0.0578973983
0.0061674585
-0.1599706126
0.1467204293
0.1086895403
-0.2077804214
-0.0231064883
-0.1056180896
0.0152019951
-0.1654532368
-0.0095532594
0.0372274624
-0.0093299085
0.0478021991
0.0115686349
-0.1243682861
-0.1266796282
0.0505359141
0.0442474818
0.0746642789
0.0311036569
-0.0187061493
-0.0313083713
-0.0056964730
-0.0223026001
0.1873893311
0.1530349543
-0.0784341454
-0.0513201844
0.0324387438
-0.0663297076
-0.1636949716
0.1233443196
0.0017037585
-0.0271712603
0.0227083254
-0.0356353356
0.2078056891
-0.0430617979
0.0301800055
-0.0509294212
0.1121422429
0.1114817676
0.0389002980
-0.0219223770
-0.1858277215
0.0852892246
-0.0725819090
0.1665692429
-0.1176453544
0.0206328984
0.0640046206
-0.0879948893
-0.0297374844
-0.0552436431
0.0259134313
0.0144349368
-0.2069003489
0.0197134637
0.0102404539
0.2325179383
0.0957793817
-0.0394734491
0.0799609448
-0.0729636803
0.0206818949
-0.0201945405
-0.1773139112
-0.0134286431
0.0190726631
-0.0324579940
0.1454713338
-0.0963605267
-0.0424495032
-0.1023481602
0.0425374674
-0.0293825736
0.0977316645
0.0169931612
0.0945090965
-0.0720655273
-0.0256331753
0.0305717292
0.0752918413
0.0089271479
0.2251826848
-0.0518868572
-0.0432899889
0.0553550122
-0.1291349117
0.0024236145
0.1540579077
-0.1025963632
0.1673566884
0.1543182202
-0.1573328431
0.0099052487
-0.0486584782
0.0696981295
-0.1136938359
-0.1235830515
0.0518285707
-0.0174629177
-0.1509042877
-0.1682621931
0.0052829573
-0.0809256220
0.1998654161
-0.0978489294
-0.0599705305
-0.1336777662
0.0173948664
-0.0399707059
0.0831000954
0.0281458275
0.0158458758
-0.1176065963
-0.0892800568
-0.0163391141
0.1720674480
0.0120675941
-0.0612309496
-0.0813529497
0.0430856043
-0.0322227264
0.1736249471
0.1442602916
-0.0342612124
-0.1262081531
0.0582450590
-0.0364258474
0.0692369077
0.0024724607
-0.0008471105
-0.0794174103
-0.0194581293
0.1029014446
0.0740922937
-0.1335620025
0.0059097686
0.0825621005
-0.0042349650
0.0887174647
-0.0025934854
-0.0527085622
-0.0823898561
0.0780508662
0.0829366779
0.0474857718
-0.1727393827
0.1855836322
-0.0931610417
0.0778422968
0.0319397200
-0.0055322614
-0.0628941030
0.0694693505
0.1466315027
-0.0553644132
0.0167024721
-0.0389302075
-0.0586567116
-0.0901119646
-0.0641236705
0.0722621224
-0.0006631810
-0.0517448997
-0.0411936262
-0.1781027763
0.0166451006
-0.0353535233
-0.0194386096
-0.0423456012
-0.0476757589
0.0599297695
-0.0090989217
0.0085726104
-0.1970692869
-0.0546440748
-0.0789490016
-0.0169888847
-0.0501575229
-0.0287901303
0.1941359416
0.0148903214
-0.0036915631
-0.0138453016
-0.0642791099
-0.0566505823
0.0058271908
-0.0648544306
-0.1495099817
-0.0891833349
0.0124980653
-0.0575283018
-0.0186285522
0.0596320676
-0.0573874448
-0.2151543874
0.0148212609
0.0389403991
-0.0479956517
-0.1061322797
0.1448086907
-0.0214236738
0.1287216828
0.0668622517
-0.0028437175
-0.0309032765
-0.0960616794
-0.0255402125
-0.1442904615
0.0974004904
-0.0946916541
-0.0577105671
0.2586425384
0.0428327563
0.0095828968
0.0029380686
-0.0077886709
-0.0767146934
-0.0103884821
-0.0232356516
-0.1440352604
0.0999122548
0.0656587297
-0.0208630085
0.0750231991
0.1916465637
-0.0814353822
-0.2806978190
0.1227544428
0.0097110171
0.0281600294
0.1227927473
0.0198608247
-0.0951579323
0.1220053238
0.0914408018
-0.1379468314
-0.0467694719
0.1339616212
0.0440250606
-0.0260956236
0.0100342291
-0.0821999199
-0.0496452036
-0.0790116466
-0.0198777487
-0.1473886054
-0.0091389789
-0.0006063041
-0.0451985000
0.0808523205
0.1594153667
-0.0580433812
0.0925676951
0.0378657624
-0.0860596294
0.0210150791
-0.1402822581
-0.0907650744
0.0804030393
-0.0461244770
0.1754246388
-0.1631316206
-0.0012082926
0.0706349924
0.0429960248
0.0247775489
0.1716852980
-0.0827131806
0.0531035574
0.0168188583
0.0744486759
-0.0588536791
-0.0078717067
0.0534004731
-0.0946422332
0.0003429491
-0.0476327054
-0.0398573306
0.0716052759
-0.0783438181
-0.0036940292
-0.0071008343
0.0494956409
-0.1261989191
-0.0792495322
-0.0753531781
-0.0323174869
0.0913265393
-0.0295805990
0.0061455736
-0.1522890413
0.0348232644
-0.2671961551
-0.0183837024
-0.0575286478
0.1636679627
0.1102537095
-0.1344503374
-0.0541926322
-0.0178252615
0.1472450320
-0.0150505266
0.0426502014
-0.0373958493
-0.0994361286
0.0291251365
0.0080208487
0.0438572403
0.0500405499
0.0537601113
-0.1554571596
0.0927048954
-0.0735523851
-0.0100550193
-0.0743663668
0.0063219645
0.1039531518
-0.0018646405
-0.1749704708
0.0335549393
0.1987531929
0.1729954630
-0.0273191165
-0.0642520474
-0.0685813581
-0.0574840988
-0.2116589238
-0.0041133252
0.0086141239
-0.0366952675
-0.1519774054
0.0489760484
0.0200297313
0.0247420569
0.0246311001
0.0020438781
-0.0472736444
-0.0213975674
0.1629233467
-0.0419283907
0.0450157471
0.1826404452
-0.0848621865
0.2077901904
0.0651920064
0.0795109419
0.1510962610
-0.0002540061
-0.0986555724
0.0111171940
0.0563166096
0.0478776849
-0.0558333470
-0.0223404000
-0.1258053459
0.0546267394
0.0346693959
0.0322187790
0.0446641562
-0.0538540226
0.0441843110
0.2047102159
-0.0759608405
-0.0757785639
0.0451497481
0.0662139565
0.0639770810
0.0534576031
0.0435496999
0.0947816749
-0.0094427769
0.2581283526
-0.0250179549
-0.0585204323
0.0519897535
-0.0242708472
0.0332629731
0.1836321229
-0.0066004120
0.0624153919
-0.1534636608
0.0772841550
0.1370684700
-0.0028603804
-0.0836734422
-0.0111442032
-0.0080738328
0.0459923491
-0.0317203361
0.1615679500
-0.0284884508
-0.0985063882
-0.0356312977
0.0111741583
-0.0341844822
-0.0325065891
-0.2243263714
-0.0713248667
-0.1424591846
-0.1859547969
-0.1750732950
0.0976380523
-0.0870744944
0.0676385153
-0.1582161069
0.1052656990
-0.0727099159
-0.0177199935
-0.0556254655
0.0358324306
-0.0697918098
0.0835851911
0.0337582498
-0.0677144256
-0.0366932883
-0.0666703124
-0.0801625888
-0.0802541516
-0.0332684678
0.0107728194
-0.0482625554
0.1711527036
-0.0058212406
0.0590323618
-0.0288192572
0.1663408304
-0.1011426573
0.1327986885
-0.0282131978
-0.1166887902
0.0298020145
0.0449361631
0.1059550268
-0.1230543327
0.0554514266
0.0838651470
0.0047721273
0.0016845498
0.0813466558
0.0484909987
-0.0833089188
-0.0105148405
0.0847490223
0.0230139569
0.0826527234
0.0635747971
-0.1055114560
-0.0691456141
0.1065555627
0.0861992662
-0.0949250105
-0.0372134432
-0.0755663985
0.0457866210
-0.0305346198
0.0976690078
-0.0554952853
0.0012648624
-0.1067353305
0.0149854234
-0.0324826632
-0.0346199726
0.0676639891
-0.0359848858
0.0461267870
0.0143855612
0.0793296447
0.0115505190
-0.0370181373
0.0852518021
-0.1239803278
0.0013343836
-0.0555722074
-0.0236937903
0.1829385112
0.0485809365
0.0097710689
0.0871267009
0.0244357710
0.0989611831
-0.0587703057
0.0612111283
-0.1552031701
-0.0269462396
-0.0006462479
0.1122405324
0.0841240079
0.0003815835
0.0586128503
0.0322783660
0.0882527162
0.0217874663
-0.1422101082
0.0172742015
-0.1086520287
0.0611553013
-0.0979191947
-0.1277540203
0.2728607445
-0.0176995239
-0.0222481095
0.0058502955
0.0148007572
-0.0563049024
0.1634502614
-0.0363831513
0.0003414908
-0.0023277925
-0.0916880930
-0.0351067048
0.0461822143
-0.0660207878
-0.0368485897
0.0777492403
0.1287544048
0.0093613954
-0.1016130975
0.0169057847
0.0337043629
-0.0835907112
0.0416941611
0.0699445693
-0.0240689143
0.1462789186
-0.0885178939
-0.1866413846
-0.1211966325
0.0316227519
0.0429736529
-0.0515814013
-0.1808187015
0.1409208409
0.0427220797
-0.0008682171
0.2119450240
-0.0145415863
0.0429017996
-0.1479504250
0.0646242401
0.1727327051
-0.1682984921
-0.0589161880
0.0783759374
0.0338520265
0.1557789582
-0.0780427682
-0.0697953145
0.2646216142
-0.0128384923
0.0560991919
-0.0647706994
-0.1143368297
0.0801863734
-0.0281774991
-0.0256267107
-0.0081336465
0.0504640520
-0.0587093334
0.0124582593
-0.1462475281
-0.0050746619
0.0844367346
0.1318953356
-0.1555140800
-0.0760972743
-0.0338462213
-0.0201185036
0.0065789520
0.0817851753
0.0948963448
-0.0264871918
0.0514466100
-0.1145265705
-0.1235465972
0.0858010655
0.0019353535
-0.0714492674
-0.0126573667
0.0099623563
0.0785598470
0.0254649015
0.1013224350
-0.1247132005
-0.0394122407
-0.0798443578
-0.1227700986
0.0118031741
0.1938490848
0.0289797989
0.0410661128
-0.0551769449
-0.1090942372
-0.1605710241
0.0399812713
-0.0485430733
-0.0472764823
0.0532359907
0.0746096271
-0.0899884672
-0.0305811997
-0.0386911829
0.0981852577
-0.0127974239
0.0084428049
-0.0652250294
-0.0697099893
0.0142215404
0.0767813167
-0.0676016227
0.1635158750
-0.0275788350
-0.1514869244
-0.1441523113
-0.1736302214
-0.0101712793
-0.0742643320
-0.0308014108
-0.0954123792
0.0524473754
-0.0729002331
-0.0918386879
-0.0832467772
0.0124626988
-0.1868301810
0.0120228624
0.1245844183
-0.0248684028
-0.1854362847
-0.1221202477
-0.1635692363
0.1264344729
0.1293109868
0.0675425470
-0.0501658245
-0.1242996624
-0.0332639691
-0.0080649958
0.0692169156
-0.1831422657
-0.0163697936
-0.0257178120
-0.1372769286
0.0018510772
0.1376962505
-0.0144742166
0.1287293722
0.1141588379
0.0694405396
-0.0563789381
-0.1633347078
0.0250773237
0.0233261065
0.0559324662
0.0138144780
0.0683963255
0.0345519266
0.0826871772
-0.0440469083
-0.2158951402
0.0479085894
0.0292431621
-0.0305768348
0.0563180010
-0.1183222693
-0.0308074554
-0.0235135069
-0.0590660965
0.1390664334
-0.0323864715
-0.0919898909
-0.0774002103
0.1004148236
0.0851705408
-0.0559955787
0.0298717628
0.1233506983
0.0958277350
-0.0016356337
-0.1239638249
0.0530107179
-0.0205491757
-0.0579376198
-0.0316004788
0.0465403156
0.0705049990
-0.0607169714
0.0945311075
0.0053867656
0.1512085706
-0.0279235276
0.1642463937
-0.0693920252
0.0002046125
-0.0245559206
-0.2193361204
0.0313394529
0.1306504383
0.0361985459
0.0960501342
-0.0254047097
-0.0261512399
0.0970116929
0.1129472057
0.0225467243
0.1301293312
-0.0088079262
0.0238980793
0.1451708200
0.2820414551
-0.0273062462
-0.0256058287
0.0721540668
-0.0124724987
-0.0643429125
0.0118795520
-0.0363883026
-0.0972451562
-0.0490661959
0.0512319727
-0.1705031638
-0.0387369644
-0.0820167403
0.0535824151
0.0454756353
-0.0280258994
0.0052917835
-0.1198473844
0.0377572983
0.0850662814
-0.0656467531
-0.0770176114
-0.0754256973
-0.0134734320
0.0605300738
0.0814233992
0.0803459879
0.0688205317
0.1477549072
-0.0240752732
-0.1550070767
0.0833581538
0.0349110155
0.0637409136
0.0421214499
-0.0699397453
-0.0760519326
0.0620680460
-0.1056190717
-0.1462972713
0.1712886900
-0.0709218929
0.1311632077
0.0279179949
0.1165939098
0.0369812612
-0.0202144339
-0.0454581462
-0.0311465791
-0.0035445232
-0.0140289725
0.1756066773
-0.0806542660
-0.1501935171
0.0509607842
-0.0438283517
-0.0409274633
0.0646040815
0.1425675346
0.0591541918
0.0617149068
0.1404010204
0.1448626408
-0.1160022061
0.0695746718
0.0936893303
0.0161903941
0.0425786173
-0.1117709638
-0.1526375824
0.1448612250
-0.0995044166
-0.0473468399
-0.0020667036
0.0866013370
0.0885311186
0.0323761982
-0.0400460302
0.1067156793
0.1503260913
0.1328382644
0.0147761811
0.2037596710
0.0422928655
0.2256561584
0.1105137196
0.0111894104
0.0118449787
-0.0731047012
-0.0034653110
-0.1539991418
0.0589241877
-0.1486184808
-0.1037821465
0.0346828191
-0.0216675306
-0.1298728466
0.0034441688
-0.1137056921
0.0670869184
-0.0673315249
-0.0329011798
0.1269018812
0.1040569725
0.0349496425
0.0327607020
0.0968511495
0.0719647129
0.0972541663
0.0459900572
0.0236566264
-0.0684867556
-0.0301913973
-0.0615649790
-0.0058731482
0.0170448176
-0.0504386562
-0.0786091628
-0.0103156802
0.1405639798
-0.1510857740
0.0708325872
0.0582662032
-0.0075710091
0.0069226463
-0.2534708631
-0.1277500235
-0.0554199767
-0.0465749417
0.0300349544
0.0894159986
0.1196497520
0.0063540861
0.1265716429
-0.0021561015
-0.0192785531
-0.0503871002
0.0735415880
0.2126414833
0.0179131160
0.0539100158
0.0674201957
-0.0132242065
-0.0213552440
-0.1205664591
0.1441318313
0.0781815600
0.0410935709
0.0723307432
0.0569231249
0.0609631911
-0.0857506006
0.0287901648
0.0532287623
-0.1296461690
0.0956754056
-0.0190586620
0.0053937071
-0.1054859459
-0.0600558547
0.0725243603
0.0313153777
-0.0388252624
-0.1971593034
-0.0432504333
-0.1042128039
-0.0157567786
-0.1435048162
0.1602954074
-0.0004003224
0.1084575812
0.0008715179
0.0753807999
0.0646273882
0.0089766678
0.0774403073
0.0975422116
0.0738580412
0.0779779139
0.3527945428
0.0743935663
0.0924463549
0.0413997498
0.0233654251
-0.1314993489
-0.0309967952
-0.0358831569
0.0273312766
0.0324690023
0.0653367538
-0.0863861636
-0.0013478384
-0.0518605073
-0.1331190362
-0.1229829426
0.2745679484
0.0819172346
0.1287512874
-0.0084080753
0.0730576566
-0.0210425489
-0.0098810479
0.1470018223
0.0178091994
0.0164318290
-0.0600416569
-0.0719421496
0.0838433130
-0.0579403828
0.1078534152
-0.0614794451
-0.0405352273
-0.1224135101
-0.0518253841
0.0272931772
0.0613522541
-0.1273435213
-0.0508172998
0.0284894990
0.0625124050
-0.1157935184
0.1210555429
0.0775959748
0.0255404570
0.0671856123
-0.0373709263
-0.0087203154
-0.0779579129
0.0012448813
-0.0264211252
-0.0773368804
0.0411357003
0.0521651702
-0.0741312105
0.0308484628
0.0460692391
-0.1218518979
-0.1504774379
-0.1399012028
0.0133142449
-0.1385153199
0.0604295572
0.0124443441
-0.1316848635
-0.0232171204
-0.0089871721
0.0754534647
0.0636237496
-0.0096426714
0.0161848520
0.0643979276
0.1150437315
-0.0689886021
0.1485739220
0.0960752796
-0.0679549717
-0.0798084157
-0.1525614510
-0.2025974330
-0.0085430894
0.0622342607
0.0685415304
-0.0023838012
-0.0561848931
-0.0212067068
0.0349725989
-0.0714790480
-0.0001815362
0.1194818432
0.2155366593
-0.1331265374
0.0452169768
0.2167733680
-0.1000715835
-0.0201615720
-0.0436665050
0.0897578408
0.0527359482
-0.2002014606
0.0827057967
0.0895673305
0.0538601928
0.0755174020
0.2073239926
0.0402614801
0.1967159609
-0.0326604282
0.0124293072
0.0319657951
-0.0782681833
0.0464838989
-0.1650049353
-0.0350945983
-0.1487379966
0.1429070113
0.1871903480
0.0165233982
-0.0666233546
0.1165950941
-0.0701969704
-0.0513492624
0.0059872379
-0.0010866602
0.0751510729
-0.0760105400
0.1073328951
0.0232258520
0.2001448413
-0.2034319134
-0.0643849733
-0.1068498894
0.0230959770
0.0215050713
-0.0291413248
-0.0513957598
-0.2046330039
-0.0103811505
0.1344094939
0.0700854481
-0.0029310527
0.0256928864
-0.0661436239
0.0848557797
-0.0658205375
0.0048694283
-0.0196564225
0.0280461182
-0.0288781368
0.0546586623
0.0629553033
-0.0089462553
0.0570672818
-0.0632942180
-0.0217880707
-0.1528389062
-0.0018393189
0.0130334419
-0.0203906303
-0.0988068963
-0.0984775018
0.0701539820
0.0879403637
0.1085539951
-0.0511887169
0.0594177872
-0.0522014344
0.0105058303
0.1054542692
0.1293210299
0.0418745170
-0.1450434111
