0.0092300475
0.0030557733
-0.0138574994
-0.0467522677
0.0413914435
-0.1181131703
-0.0491562548
0.0563909117
-0.0285729028
0.0124508605
0.0601221804
0.0244620093
0.0419583925
-0.0161012800
0.0215563911
0.0069217575
-0.0773746343
-0.0319033568
-0.0178177399
-0.0369402436
-0.0682172779
-0.0112223900
-0.0042767385
0.0300338756
-0.0334753187
0.0569879472
-0.0259441498
0.0241912409
0.0404110863
0.0422060329
0.0049890421
0.0376691795
-0.0123720528
-0.0303424524
-0.0219607127
-0.0057488569
-0.0232982270
-0.0082059341
-0.0153615162
0.0136104069
0.0050872974
-0.0012647667
-0.0320625288
-0.0269132066
0.0220781034
0.0749741755
0.0540187037
-0.0069835949
-0.0488923173
0.0480068294
-0.0434715276
-0.0168454119
0.0416400281
-0.0534079187
0.0295743683
0.0026327487
0.0112959703
0.0655537088
-0.0451926338
0.0561637693
0.0346302892
-0.0337220552
-0.0064405824
-0.0096862892
0.0108848856
0.0221934951
-0.0468837459
0.0006524718
0.0059208951
0.0480427707
0.0938445279
0.0143082588
-0.0172150848
-0.0037270037
0.0082899113
-0.0312719991
-0.0044863563
-0.0274349999
0.0116921133
0.0122712927
-0.0410672261
-0.0130591012
-0.0220771526
-0.0021799601
0.0393783777
-0.0737406362
0.0151017694
0.0396323759
0.0078803559
-0.0305700912
-0.0597038902
-0.0369266736
0.0481212057
0.0306574759
0.0466724515
0.0018127228
0.0125975747
0.0031453526
0.0295060834
-0.0171144112
-0.0204978243
0.0021128806
-0.0176273008
-0.0128615988
-0.0157519214
-0.0087769139
-0.0033797373
-0.0221998571
0.0149438550
0.0072834766
-0.0107240030
0.0245668671
0.0194005798
-0.0221302340
0.0277166312
0.0743586805
0.0549504595
0.0140387010
-0.0519671680
0.0304777992
-0.0160489539
-0.0537808723
0.0076326672
-0.0132331921
-0.0351045609
-0.0483605932
-0.0558483377
0.0112997227
-0.0145440102
-0.0387131630
-0.0000508893
0.0395612973
0.0314386081
-0.0632562398
0.0286690715
-0.0723508879
0.0427479452
0.0226531730
-0.0020846215
0.0668862068
0.0010265409
-0.0065388240
0.0220707023
-0.0275100033
-0.0127927185
-0.0094343311
0.0292687982
0.0173933290
-0.0319496557
-0.0013607515
-0.0202886845
0.0323530768
0.0138115813
-0.0477456670
0.0410589610
-0.0019995069
0.0192374679
0.0176859022
0.0350602949
0.0290807928
0.0114442676
0.0018552681
-0.0350348345
0.0057604513
0.0276014419
-0.0624879744
-0.0107936656
0.0687912298
-0.0436845228
-0.0044069938
0.0081471990
0.0153115565
-0.0469583582
0.0088249318
0.0244715988
0.0598525505
-0.0732064459
-0.0156891683
-0.0317090477
0.0046430666
0.0019944743
0.0530516754
0.0189348347
-0.0400385493
-0.0068319184
0.0297558297
0.0890268848
0.0112115009
-0.0210370695
0.0209213878
0.0300071429
-0.0193976854
0.0094181047
0.0164821210
-0.0075560125
-0.0624640261
0.0207788616
0.0026592284
-0.0577557441
0.0197354307
-0.0709377854
-0.0079126874
-0.0089859793
0.0359790129
-0.0020840888
-0.0354955852
-0.0012425300
0.0137162279
0.0171010334
-0.0200202219
-0.0141612367
-0.0202290449
-0.0090810647
0.0204023232
-0.0379775146
-0.0129358204
0.0235444631
-0.0024999761
0.0403621336
0.0663724611
0.0109842210
-0.0295176804
0.0315669941
-0.0062278945
0.0450439101
-0.0332396961
-0.0047100452
0.0470155112
0.0217929484
-0.0083627904
0.0065442776
0.0167196595
-0.0073707314
0.0527197768
0.0182414885
-0.0716067930
0.0202212932
0.0123658018
-0.0012200360
-0.0022184799
-0.0256316119
0.1160684325
-0.0043287914
0.0123601317
0.0652409468
0.0220126023
-0.0134629437
-0.0000825445
0.0171809104
0.0222780589
-0.0084627107
-0.0757304930
-0.0175692381
-0.0829902644
0.0336917177
0.0492723055
-0.0425476195
-0.0104844203
-0.0698913877
0.0226583790
-0.0080207271
0.0080407364
0.0018614009
0.0179898560
-0.0292371627
-0.0143923262
0.0185596663
-0.0031326124
0.0201878960
-0.0055348746
0.0082022338
0.0469347074
-0.0051577571
0.0221518124
-0.0015167529
0.0284403029
-0.0654972813
-0.0209411668
0.0133276594
-0.0156381168
0.0435016443
0.0524996377
-0.0555980110
0.0280412500
0.0362510374
0.0184938739
0.0278989422
0.0468620767
0.0329244710
0.0164635412
0.0415317859
0.0267234767
0.0779200061
0.0186653515
0.0645027260
0.0135163255
-0.0027379149
-0.0244350542
0.0216433528
0.0177847913
0.0141943931
-0.0326667425
0.0115021087
-0.0179890123
-0.0238006143
0.0027919875
0.0139672647
0.0351874987
-0.0303201898
-0.0052594791
0.0308075920
-0.0102908191
0.0019404684
-0.0217529439
-0.0418196168
-0.0292677837
-0.0430980945
0.0202729447
-0.0085366379
-0.0079169817
-0.0585040972
-0.0228634659
0.0122851035
0.1021251796
-0.0027487639
-0.0359765076
-0.0156737484
-0.0298877994
0.0303122685
0.0097325573
0.0581214910
0.0204776432
0.0939858838
-0.0038408845
0.0727220229
-0.0302826591
-0.0031053299
-0.0283369367
0.0212089616
-0.0124913163
-0.0192566226
-0.0392477600
0.0105152943
0.0091469488
-0.0209277905
-0.0076783138
-0.0607922259
-0.0308886838
-0.0288736595
0.0499592478
-0.0186168989
-0.0068622414
0.0521262993
-0.0756265130
-0.0421614029
-0.0150932353
-0.1061216329
-0.0035518722
-0.0101193155
0.0266640228
0.0586431923
0.0010859667
-0.0052474337
0.0082001364
0.0378005076
0.0639322814
0.0402523060
0.0389680092
0.0543989442
-0.0179727909
-0.0329098733
-0.0045750573
0.0028718572
0.0367729701
-0.0284753425
-0.0416420160
-0.0132447998
0.0455511134
0.0298066233
-0.0206316316
0.0436685440
0.0646188189
0.0497032878
0.0738784711
0.0357518257
-0.0335182075
-0.0089880893
-0.0361440543
-0.0927196615
-0.0016607248
0.0489845601
0.0007558028
-0.0075853948
0.0575648487
0.0333796928
-0.0049209709
0.0421002711
-0.0362648023
-0.0222278431
0.0078905235
0.0258707016
0.0004805197
0.0485837199
0.0238646654
-0.0378649824
-0.0372964405
-0.0087663940
-0.0271511271
-0.0524136439
-0.0368657708
-0.0171905491
0.0071753527
-0.0382411527
0.0294747504
0.0558902533
0.0441763650
0.0548719840
0.0049550018
0.0161630255
0.0343159496
-0.0401867953
0.0234767199
-0.0069233069
0.0121678292
0.0017134624
0.0530353069
0.0171884549
0.0724474025
0.0048950736
-0.0298456399
-0.0351512191
0.0450389095
0.0352306825
-0.0200316170
-0.0060313900
0.0652552643
0.0268940966
0.0532537527
-0.0517764900
0.0344133366
0.0762908591
0.0132842638
0.0155572644
0.0317921978
-0.0009447102
-0.0699848441
-0.0398896800
-0.0240686053
0.0075939934
-0.0191080777
-0.0106385948
-0.0062248437
0.0230096981
0.0651462242
0.0363604934
0.0242483353
0.0277743252
0.0552489748
0.0207704488
-0.0295446849
-0.0469255911
0.0576447319
0.0243943914
0.0477188323
0.0112016249
0.0181815871
0.0454220246
-0.0453548559
0.0425653717
0.0444353141
-0.0002496992
0.0132427671
0.0235046157
0.0089065362
0.0556188339
0.0478171183
0.0220316715
-0.0246116232
-0.0331713846
0.0338407525
0.0101433059
0.0418840455
-0.0012650223
-0.0297549460
-0.0111420273
-0.0090876574
0.0281414203
0.0124000057
0.0459595609
0.0469872707
0.0654843863
0.0167797049
-0.0355425540
-0.0619796141
-0.0803714381
-0.0158252526
-0.0863959703
0.0044872525
0.0538431785
-0.0085435118
-0.0534114094
0.0154930797
-0.0281897879
0.0140434456
-0.0173101084
-0.0379103104
-0.0355977453
-0.0065613788
-0.0136758845
0.0098477820
-0.0049935351
0.0317835949
-0.0185567451
-0.0042453499
-0.0039249590
-0.0411807673
-0.0486219346
0.0114202683
-0.0046435570
-0.0487489240
0.0058188887
0.0266356830
0.0059601415
-0.0538822701
-0.0617590954
0.0739030514
0.0278286859
0.0818550031
-0.0350967907
0.0170889225
-0.0226337093
0.0209476778
0.0087211667
-0.0050788542
-0.0235431224
0.0625597748
0.0177756115
0.0252191925
-0.0176672120
0.0106778960
0.0207146950
-0.0182058215
0.0253196540
-0.0199870903
0.0262490193
-0.0448283170
-0.0399256047
-0.0153780886
-0.0993129355
-0.0413861274
-0.0444974319
-0.0212436084
-0.0473291259
-0.0178293476
0.0241462432
-0.0049768575
0.0020977229
-0.0281289268
0.0121649099
-0.0060157432
0.0038117676
0.0016032786
-0.0132967133
-0.0026651894
-0.0288198676
0.0044936843
-0.0464814420
0.0465753308
-0.0465686450
0.0476649850
0.0574418848
-0.0936211276
-0.0781497978
-0.0202676517
0.0242818020
0.0441071056
-0.0379365012
0.0355008970
-0.0330843100
-0.0366327691
0.0127117262
-0.0579850538
0.0724992249
-0.0347319461
-0.0062739063
-0.0107883554
0.0161892678
-0.0139102106
0.0128742464
0.0219836311
0.0297289264
0.0036608470
0.0150677743
-0.0279055677
-0.0673894769
0.0292908238
0.0233453444
0.0179726034
0.0409819840
-0.0006069033
0.0211996973
0.0044899603
-0.0034021991
0.0343595578
0.0301919061
0.0924056112
-0.0471366567
0.0281782305
-0.0232135941
-0.0333208417
-0.0021059402
-0.0446662343
-0.0383184122
0.0644507131
0.0496084096
0.0643918717
0.0028671865
0.0429959042
0.0028288661
0.0493916944
-0.0252571651
-0.0314405004
0.0175761836
0.0210664647
-0.0632091175
0.0232690966
0.0559255903
-0.0441401426
-0.0440142254
0.0217439568
0.0057590404
0.0350946437
-0.0344931446
-0.0502423662
-0.0349784540
-0.0341791090
-0.0178772058
0.0149645672
-0.0011447533
-0.0212631911
0.0245185546
-0.0133912998
-0.0485300374
-0.0359175536
0.0301239716
-0.0433682973
0.0168087475
-0.0392977541
-0.0368312640
0.0206013315
0.0379311378
0.0643212752
0.0491772353
-0.0678994214
-0.0098665415
-0.0084741297
0.0061913256
-0.0326733270
0.0314914931
-0.0167396131
-0.0035898394
-0.0327829973
0.0616187938
0.0307587805
-0.0540071720
0.0569127473
0.0491122671
0.0463563157
-0.0019897502
0.0055284386
-0.0339834123
0.0037171305
0.0324045963
0.0059051468
0.0008129198
0.0355344989
0.0447542711
0.0088861267
-0.0010924830
-0.0289034576
-0.0218614391
0.0415176347
0.0269209730
-0.0433895939
0.0355873578
-0.0687217380
0.0155455856
-0.0058010227
-0.0429171571
-0.0066781041
-0.0260947361
-0.0348947714
0.0382944044
0.0015566259
-0.0077450025
0.0038179843
0.0139723557
-0.0000114760
0.0123902047
-0.0347978726
0.0012284348
-0.0133980655
-0.0298851811
0.0334988397
0.0070984320
-0.0099291027
0.0022433951
0.0090071694
-0.0549392534
-0.0032571710
0.0665398105
0.0375404775
0.0094709534
-0.0129772849
0.0504177055
-0.0022419908
-0.0273259336
-0.0030902817
0.0075447699
-0.0053869537
0.0434833298
0.0043465416
0.0337788232
-0.0480104298
-0.0360862814
0.0023789479
-0.0086754409
0.0144269097
-0.0097578321
0.0282233002
-0.0415061540
0.0458347884
-0.0775830040
0.0094150182
0.0295503431
-0.0112723794
0.0101300775
-0.0154547572
-0.0069022263
-0.0251763745
0.0103142980
0.0207724812
0.0075990939
-0.0730451801
-0.0494176786
0.0338762145
0.0176752107
0.0205334313
-0.0130248961
0.0651811086
0.0118345850
-0.0177487352
-0.0248819206
0.0107087572
0.0373991052
0.0009587208
0.0161543133
0.0369377676
-0.0169226500
-0.0116542247
-0.0031225808
-0.0310816786
0.0416614347
-0.0210343753
-0.0510488622
0.0288028026
-0.0743808328
-0.0164944149
0.0113811820
-0.0005030904
-0.0135534176
-0.0257812484
0.0649709749
-0.0554841097
0.0412432251
0.0049589931
-0.0255978028
-0.0172725085
-0.0360747413
0.0161450328
-0.0013927310
-0.0168093642
0.0240867544
0.0808428887
-0.0071005411
-0.0240650405
-0.0212880762
0.0608509292
0.0329906393
0.0270497362
-0.0329667742
-0.0217657298
-0.0352790509
0.0201701405
0.0019868207
0.0383370199
-0.0688711831
0.0397096109
-0.0098522268
-0.0083273675
-0.0280581914
-0.0316434828
-0.0361410834
0.0175364081
0.0094152179
-0.0113523467
0.0182461816
0.0283929257
0.0168585862
-0.0533720927
0.0078944163
0.0279514030
0.0049870736
0.0554238095
-0.0067653861
0.0430708673
0.0026999550
0.0849552252
-0.0027535677
0.0116287859
-0.0084198242
-0.0228533111
-0.0120930939
-0.0130890157
-0.0454502378
-0.0563125248
-0.0078804384
-0.0404774643
-0.0082437048
-0.0373568068
-0.0789824738
-0.0242605547
-0.0054349229
-0.0432907917
0.0030111563
0.0655640913
-0.0200474061
-0.0365353225
0.0290104733
0.0410438080
-0.0329119097
0.0737911152
-0.0322477404
0.0381697813
-0.0218349156
-0.0395295470
0.0078437810
0.0764780032
0.0404182231
-0.0396857431
-0.0458631266
0.0303980369
0.0314975081
-0.0418873575
0.0045477024
0.0182283520
0.0241291517
0.0174215282
-0.0157982553
-0.0050283165
0.0601098311
0.0326648376
0.0310051319
-0.0003392676
-0.0291038340
-0.0282844477
-0.0474108302
0.0247781998
-0.0056667173
0.0109344470
-0.0130970887
-0.0199174009
0.0149356213
0.0063131178
-0.0190836083
-0.0024311304
0.0381594018
-0.0042490100
-0.0667967939
-0.0252944679
0.0094566946
-0.0621539818
0.0099678834
0.0386715054
0.0228955072
-0.0785143010
0.0112459746
0.0566681026
0.0721801394
0.0003355341
-0.0406679481
-0.0453787538
-0.0096270448
0.0632464543
0.0021292703
0.0341113315
0.0076621131
-0.0190173086
-0.0394783637
0.0140676923
-0.0053029535
-0.0188260096
0.0227260321
0.0729773830
0.0566932574
0.0762056061
0.0223459930
0.0192365270
0.0621032921
-0.0501168284
0.0221183145
0.0269108565
-0.0542102268
-0.0608158680
0.0434991603
-0.0302761348
0.0804616867
-0.0633825895
0.0421227133
-0.0392671994
0.0712812506
0.0118975416
0.0533893959
-0.0144748509
0.0588931906
-0.0635937359
0.0769155061
-0.0187978484
-0.0269769400
0.0038077683
-0.0252814602
0.0219150156
-0.0175402870
0.0121705763
0.0342045070
-0.0177218399
-0.0198802977
0.0016650427
0.0001498716
-0.0309473825
0.0268455193
-0.0141348338
-0.0263706213
-0.0016493890
-0.0388206530
-0.0318224731
0.0228106457
0.0253371486
-0.0394011016
0.0067203302
0.0965812174
0.0387654718
-0.0057234139
-0.0020921758
-0.0334542936
0.0328800702
0.0194024402
-0.0655807695
0.0433024848
0.0341226280
-0.0313034932
0.0530211946
-0.0047436481
0.0312530092
-0.0563428609
0.0451000159
0.0367714878
0.0378722841
-0.0003591795
-0.0136042316
-0.0502658087
0.0083456230
-0.0063440064
0.0444906332
0.0214292567
-0.0541345096
0.0067440063
-0.0167506840
-0.0375026133
-0.0517672943
0.0449587371
0.0025538327
0.0026432959
0.0092339434
0.0023038176
-0.0800313658
-0.0236024139
0.0462259104
0.0281061390
0.0412076752
-0.0119859702
-0.0543296350
0.0331794550
-0.0179710585
-0.0501597230
0.0238460227
0.0425160287
0.0105180264
-0.0297385553
-0.0317574874
0.0106842199
-0.0136919389
0.0276693916
-0.0034326484
-0.0027386009
0.0729064316
-0.0037338142
-0.0402664438
0.0445468735
0.0318625017
-0.0647050095
0.0150763825
-0.0076634241
0.0498489554
0.0173458387
0.0035182107
-0.0367927912
0.0000281239
0.0064957441
-0.0407552029
-0.0330226206
0.0077399388
0.0511544353
-0.0192617797
0.0287679391
-0.0239073557
0.0083124232
0.0610134062
0.0139355296
0.0476724800
-0.0234428069
-0.0013453823
0.0070536593
-0.0639051855
-0.0617637116
0.0443091667
0.0478456957
0.0587671412
-0.0082954139
-0.0158866553
-0.0794920965
-0.0495548033
-0.0129582881
-0.0430246879
0.0161837708
0.0161571386
0.0090033542
0.0131117464
-0.0022441800
-0.0193312345
0.0163484686
-0.0211920342
0.0237294549
-0.0100107506
-0.0067340813
0.0446585798
0.0239655049
-0.0372562352
0.0165552505
0.0140916428
0.0115214248
-0.0021640846
0.0523502847
0.0625891913
-0.0733919723
-0.0627515020
-0.0611034309
0.0238668234
-0.0205714632
0.0319948279
-0.0350719447
-0.0649227403
0.0505992983
-0.0431916439
-0.0086318640
0.0596541492
0.0037636512
0.0466278420
-0.0401581839
0.0184763200
0.0047117079
0.0113892870
0.0082693383
-0.0155488360
-0.0365292091
0.0111791844
0.0676794704
-0.0252939356
-0.1165346463
0.0072167031
-0.0050216716
-0.0013368509
0.0019161657
0.0232167090
-0.0364870133
0.0854567451
0.0519153188
-0.0393765538
-0.0359006512
0.0312762303
-0.0090363663
0.0277142076
-0.0230040978
-0.0069540804
0.0122144173
-0.0961162530
-0.0137943670
0.0307154138
-0.0081735745
-0.0626702184
0.0020204425
-0.0654949605
-0.0054892167
0.0260953519
0.0423596997
0.0029235292
0.0196829635
0.0109160064
0.0101316768
0.0200090587
0.0464160404
0.0508334886
-0.0395558378
0.0254751509
0.0546927327
0.0098543207
-0.0236300548
-0.0098076679
0.0131264851
-0.0332913475
0.0554402974
0.0199003473
0.0283434909
0.0231869386
0.0232014874
0.0035263617
0.0455893864
-0.0695457886
-0.0857777714
-0.0185523495
0.0377522034
-0.0024714667
-0.0030387954
0.0301794993
0.0371613484
-0.0121005273
-0.0163572773
0.0320632893
-0.0324071849
-0.0053248779
0.0295718721
-0.0102719906
-0.0194665648
0.0416456503
-0.0200562878
-0.0158224827
0.0154236181
0.0723282033
-0.0069363469
0.0004786815
-0.0476158363
0.0224177229
0.0045517932
0.0175139100
0.0012891562
-0.0073377467
0.0287093122
-0.0576074432
-0.0354893758
-0.0586411660
-0.0525549969
0.0149970010
-0.0494321102
-0.0796602876
-0.0071031346
0.0794584511
-0.0550696947
-0.0120059823
-0.0442540200
-0.0746102472
0.0554721809
-0.0197880423
0.0176622708
0.0305325113
0.0440532162
0.0978264172
0.0151090661
0.0583931718
-0.0785410163
0.0257051350
-0.0593230278
-0.0181317285
-0.0104818424
0.0005999561
0.0189891180
-0.0638751024
-0.0086392689
-0.0096130232
0.0402928351
0.0062949129
0.0639989043
-0.0303074392
-0.0273941280
-0.0147184570
-0.0082677975
0.0233564626
-0.0273679405
0.0221131903
-0.0269854808
-0.0067110542
-0.0139872524
0.0155422832
-0.0214179421
-0.0161977315
0.0262714561
-0.0269412199
-0.0381430671
-0.0481596525
0.0008665112
0.0495913065
-0.0469892621
0.0389579039
-0.0634624799
0.0204264470
0.0478634589
0.0132263009
-0.0356333264
-0.0454801060
-0.0115936828
-0.0132712768
-0.0167506431
0.0204602297
-0.0277224215
0.0237284217
0.0390964550
0.0360398980
-0.0042027970
-0.0735349221
0.0138663209
0.0166174521
-0.0105665742
-0.0295823019
0.0206079636
-0.0171980544
0.0451748671
0.0481098328
0.0178878087
0.0357904927
0.0025030994
0.0106886587
0.0631294062
0.0208932690
-0.0336633757
0.0046191962
0.0611020840
0.0177945567
-0.0231630848
-0.0676470267
-0.0090895733
-0.0364102054
0.0060928783
0.0314132334
0.0290175944
0.0415798736
-0.0187689950
-0.0137703538
-0.0155756917
-0.0556219006
-0.0495338966
0.0161128181
0.0346176418
-0.0621628459
-0.0640129843
0.0268297388
0.0529187904
-0.0035294138
0.0175049440
0.0013880547
0.0241499243
-0.0099557053
0.0052554519
-0.0106497105
-0.0210299042
0.0591827587
0.0352923582
0.0154947431
0.0109837743
0.0034761245
0.0018508368
0.0364103705
-0.0017423671
0.0231211740
-0.0813724856
0.0316438976
0.0314971391
-0.0255955631
0.0069884687
0.0288906037
0.0400916258
0.0023009265
-0.0043079739
-0.0442687481
-0.0014068594
0.0434471899
-0.0052743827
-0.0197802065
0.0632899519
0.0409003252
0.0322294145
0.0074924579
-0.0161701195
-0.0025011455
-0.0311027378
-0.0152034610
-0.0543622552
-0.0585882442
0.0249192308
0.0013732345
-0.0332474567
0.0491433576
0.0416408763
-0.0692547491
0.0400918678
0.0276805475
0.0091120241
-0.0731880763
-0.0065094417
0.0468329658
0.0162035281
-0.0040997734
0.0074217904
0.0623470336
-0.0676688194
0.0072259586
0.0052525734
0.0405485619
-0.0923536525
0.0037974184
-0.0319693835
0.0331036664
0.0456539448
0.0041921566
-0.0046689232
0.0804268892
0.0613636633
-0.0199503366
-0.0610928836
0.0397102555
0.0049898569
-0.0177732181
-0.0528487527
-0.0167290457
-0.0111062700
0.0324562562
0.0052992790
-0.0282082849
-0.0628697746
-0.0325141774
-0.0577684317
0.0261091777
-0.0795918051
0.0031030455
-0.0396379408
-0.0317398646
-0.0304180076
0.0219558955
-0.0559011460
0.0020905784
0.0155475469
-0.0644843320
-0.0085426568
-0.0501815569
0.0078149411
0.0387626254
-0.0326565236
-0.0495239929
0.0321569896
0.0201121974
0.0015665851
-0.0682609734
-0.0019012476
0.0084987197
0.0314237365
-0.0035999093
0.0507158858
0.0216923356
-0.0234503791
-0.0220852512
-0.0252135605
-0.0006734281
0.0222914910
-0.0139406855
0.0016387454
0.0292642786
-0.0129384554
0.0244238792
-0.0034471052
-0.0023390599
-0.0479114696
0.0009474247
-0.0142085675
-0.0216566001
0.0237350288
-0.0132493141
-0.0205657078
0.0072318944
0.0127007538
-0.0395083169
-0.0370586522
-0.0931033400
-0.0335445490
-0.0016887894
0.0232264811
-0.0045299054
-0.0634286734
0.0444447295
-0.0102492962
0.0365996799
-0.0480072876
-0.0090136040
0.0164555697
-0.0712029004
0.0003909103
0.0274684544
-0.0526478978
-0.0064574531
0.0085889609
-0.0193036403
-0.0190982365
0.0049729061
-0.0301917107
0.0251709771
0.0126821887
0.0349878752
-0.0125826783
0.0109957319
-0.0209001858
-0.0260412224
-0.0366164005
0.0088568457
-0.0192203072
-0.0235775675
-0.0204703323
0.0042643716
-0.0348627879
-0.0241912999
-0.0175121931
-0.0260737121
0.0173317300
-0.0715895240
0.0025896679
0.0063063301
0.0612800926
-0.0341339896
0.0210034719
-0.0167437851
0.0098493423
-0.0100806504
0.0185359888
0.0214110394
-0.0184451693
0.0030232231
0.0223192936
0.0097511008
-0.0146920359
-0.0023672143
-0.0243403845
-0.0423791629
0.0576900781
0.0505944328
-0.0259824086
0.0360750523
0.0190878370
-0.0061118474
0.0271137074
0.0691825999
0.0171244108
0.0366761843
0.0100197037
0.0180773432
-0.0781373064
0.0012685694
0.0160983220
-0.0339620786
-0.0355060188
-0.0260628300
-0.0439052892
0.0167846509
0.0532677753
0.0665357875
-0.0249855434
-0.0107606978
0.0216482198
-0.0401499543
-0.0052624924
-0.0500145898
0.0447648183
0.0370266123
-0.0539610424
0.0732022707
0.0019449868
0.0328856420
0.0110936846
0.0295217033
0.0411239825
-0.0031663258
0.0405105928
0.0319684289
0.0178239702
0.0519593303
-0.0206490953
-0.0093507579
0.0325801594
-0.0272392749
0.0074390410
-0.0065134668
-0.0090431952
-0.0043429835
-0.0249891319
-0.0398208554
0.0484836540
0.0006072330
0.0138153338
0.0066775377
-0.0129870706
0.0360955300
-0.0011311035
0.0260659995
0.0076461202
0.0181863742
-0.0064170463
0.0088534020
-0.0073986670
-0.0364121674
0.0264945978
-0.0340963318
0.0527940773
-0.0601459203
-0.0511053574
-0.0056587406
0.0814971049
0.0187123951
-0.0209746747
0.0303786367
-0.0103159284
0.0010086877
0.0152739526
-0.0375046569
-0.0192881189
0.0058952869
0.0198208685
0.0474744536
0.0413848530
-0.0616436102
-0.0035529042
0.0366222062
-0.0082182257
-0.0300969665
-0.0181669660
0.0699602339
0.0001892558
0.0392064970
0.0229979245
-0.0319223178
0.0330539103
-0.0328674695
0.0001163126
0.0709055947
0.0397578346
0.0017818253
0.0072704082
0.0376469896
0.0016935183
0.0490536767
-0.0045154513
-0.0155418038
0.0339061264
0.0074956474
0.0114913845
0.0648828911
-0.0035520780
-0.0249556804
0.0492933781
0.0489991929
-0.0338531115
0.0212245722
0.0043270713
-0.0011787804
-0.0364422662
-0.0574577414
0.0290008649
0.0017001445
0.0722394467
0.0052064094
0.0159823953
-0.0174288024
-0.0022634757
-0.0072815366
-0.0213392189
0.0026917688
-0.0397283721
0.0591881467
-0.0471063825
0.0261475835
0.0224197977
-0.0513195144
0.0015266171
-0.0180677659
-0.0472484072
0.0533200107
-0.0508784784
-0.0311975701
-0.0327136566
-0.0250841626
0.0027838477
-0.0073835962
0.0262613885
-0.0134329009
0.0181280504
-0.0056518662
-0.0503430944
0.0064081330
0.0072576841
0.0407936487
-0.0042965611
-0.0306461347
-0.0257672195
0.0479503821
0.0439116174
0.0145004315
-0.0007372585
-0.0518022940
-0.0138220384
-0.0665660484
-0.0211714157
-0.0015546889
-0.0093725559
0.0386161585
-0.0029619122
0.0050032386
0.0106283157
0.0505526717
-0.0224245139
-0.0188302918
0.0064140315
-0.0427247206
-0.0145880000
0.0086270456
-0.0079722218
0.0047723696
-0.0015142645
-0.0382480021
0.0027562902
0.0576353739
-0.0186598344
-0.0504780634
0.0194106015
0.0236522436
-0.0149089454
-0.0349438222
0.0444937943
-0.0049947378
0.0854252103
-0.0008020413
0.0372363141
0.0413602441
-0.0027884202
-0.0077124624
0.0070283646
0.0164904319
0.0127871212
0.0703210080
0.0565105915
0.0444213260
0.0062806211
0.0378041377
-0.0151374932
-0.0194210489
-0.0320745755
-0.0047565982
0.0081810267
-0.0197876894
-0.0833538438
0.0380370207
0.0788871188
-0.0063823694
-0.0549913003
0.0717882632
0.0136560425
-0.0173600700
0.0394300569
0.0163696652
0.0105712524
0.0086087058
-0.0416009513
-0.0098527986
0.0585405563
0.0148913364
-0.0365696161
0.0271230796
-0.0150543850
-0.0099902036
0.0039460734
0.0437814381
0.0535903776
-0.0447374309
0.0457222311
-0.0616642165
-0.0237793744
-0.0244545515
0.0236468488
0.0050682462
0.0297987201
-0.0102588645
0.0053566398
-0.0028801749
-0.0293532720
-0.0181326254
-0.0064566929
0.0173277685
0.0101836491
-0.0165397584
0.0026099883
0.0005341634
-0.0002494548
-0.0026576552
0.0300493509
-0.0266887439
0.0149161933
-0.0161422380
0.0130828860
-0.0137099047
-0.1061078920
-0.0304811890
0.0548549775
0.0537874441
0.0161367356
-0.0554842752
-0.0075795014
-0.0494429211
-0.0126779512
0.0165578543
-0.0182488583
0.0230904580
-0.0096151205
0.0426132657
-0.0029897053
-0.0372412878
-0.0370868609
-0.0181200518
-0.0030070777
-0.0426801658
0.0333941567
-0.0705219174
-0.0098470420
-0.0385353607
-0.0537262224
0.0144248833
0.0714302743
-0.0118368366
-0.0407272783
0.0171676228
-0.0483736298
0.0093965938
0.0117295812
0.0622482342
0.0008789735
-0.0595755340
0.0698456127
0.0518235458
0.0170413747
0.0228781692
-0.0239543152
-0.0262276639
-0.0494464374
0.0284655958
-0.0029669147
-0.0463490907
-0.0608443118
0.0066076330
-0.0675697758
0.0178485216
-0.0055122581
-0.0326309738
-0.0594838793
0.0621583999
0.0112768490
0.0315356180
0.0133742652
-0.0571751838
-0.0247358298
0.0704016540
0.0283716566
0.0160958464
0.0624575540
-0.0548400716
-0.0516281079
-0.0731912519
-0.0058478200
0.0662115777
0.0177087517
-0.0012849599
-0.0107966529
0.0318446184
0.0521405629
0.0549275489
0.0260092449
-0.0474305052
0.0225998760
-0.0205325893
0.0387384983
-0.0408082223
-0.0106494585
-0.0265932886
-0.0937842407
-0.0329861121
-0.0239393707
0.0180935761
0.0257430302
0.0033101136
-0.0023714097
0.0393280407
-0.0168113236
0.0531690204
-0.0143611741
0.0515978677
-0.0178157463
-0.0496391283
-0.0087847461
0.0311858767
0.0138799715
0.0592204667
-0.0480823485
0.0498621072
-0.0121561592
-0.0213913746
-0.0225709550
0.0245569924
-0.0529099839
0.0198698510
0.0338335049
0.0004091571
-0.0513868861
0.0362639966
0.0001313792
0.0099364948
-0.0594023244
-0.0131286522
-0.0745253512
0.0158895242
-0.0036629341
-0.0499852572
0.0244286617
-0.0268679901
0.0162822242
0.0504974636
-0.0153610004
0.0334990893
0.0153786751
-0.0300997533
0.0361749859
0.0070675177
-0.0798317515
-0.0408195078
-0.0105873366
-0.0179208256
0.0125454075
-0.0463957523
-0.0536315359
-0.0261727784
0.0182990657
0.0068429135
0.0353379604
0.0200076609
0.0133120403
-0.0229732177
-0.1237899720
-0.0025329736
-0.0100206334
-0.0165144780
0.0178995910
-0.0353364555
0.0249370959
-0.0266141344
0.0105341308
-0.0243809974
0.0006122508
-0.0664152631
-0.0083307168
-0.0006652773
-0.0223170611
-0.0151944747
-0.0298124380
-0.0068752259
0.0635648811
0.0163466029
-0.0119801495
0.0527559383
0.0342501673
0.0197331015
-0.0118885351
-0.0449678572
-0.0475796252
0.0347312742
-0.0404117711
-0.0183474597
-0.0140330247
0.0054302464
0.0419623945
-0.0119992014
0.0041511036
-0.0377742305
-0.0218304697
0.0511315113
-0.0159596738
-0.0156124220
0.0300932251
-0.0375273659
0.0505208937
-0.0394201697
0.0495788053
-0.0196272134
0.0248593989
0.0378506549
0.0336708389
-0.0386863251
-0.0661011417
0.0038072473
-0.0371510387
-0.0683365419
0.0624295891
-0.0264701745
0.0218624413
0.0521338791
-0.0249179308
0.0344233073
0.0242238209
-0.0127982739
-0.0086532214
0.0083782571
0.0189215961
-0.0004414833
-0.0174577525
0.0274307467
-0.0110642479
-0.0077791005
-0.0270620232
0.0102119634
-0.0043572530
0.0253358234
-0.0114822148
0.0083833756
-0.0292605935
-0.0691762183
-0.0283895589
0.0922510157
-0.0001636705
0.0042913912
-0.0368883954
0.0784031990
0.0122193277
0.0207273961
-0.0606095422
0.0198855531
-0.0347345949
0.0327989929
0.0354181359
-0.0374418935
-0.0348436923
0.0301381340
0.0334612572
-0.0467742304
-0.0171879189
0.0127577891
-0.0067652973
-0.0010732804
0.0113250729
0.0087148686
-0.0162142172
0.0195083475
0.0667842719
-0.0305214353
-0.0082607598
-0.0106291881
0.0177008875
-0.0420332603
-0.0621705877
-0.0032117775
0.0128241146
0.0365994890
0.0310627269
0.0275129700
-0.0101268614
-0.0468200331
-0.0627084979
-0.0281294752
0.0065629509
0.0309981240
-0.0126866838
-0.0472886419
0.0417450458
0.0534793552
0.0003925771
0.0086399740
-0.0025794600
0.0243497147
0.0111609304
-0.0115431563
-0.0056258409
0.0176812586
0.0270422874
0.0225333955
-0.0477978249
0.0598926462
-0.0157149590
-0.0502577668
0.0140406443
0.0376460415
-0.0294827983
-0.0355471320
0.0215764178
0.0697578256
-0.0302441678
-0.0167139635
0.0632420575
-0.0316201819
0.0929920713
0.0335319523
0.0222610259
-0.0035363134
0.0495176424
0.0259718010
0.0321456684
-0.0025878153
0.0003769561
-0.0207380549
-0.0263111261
-0.0423861491
0.0100966920
-0.0229422293
0.0308948868
0.0101979150
-0.0365349685
-0.0616897917
-0.0723413823
0.0633241310
-0.0490946291
-0.0543719537
