0.0082939450
-0.0209528003
0.0252055715
-0.0055004756
-0.0126772964
0.0156078315
0.0151227137
-0.0111983393
0.0002761458
-0.0394554904
0.0202325446
0.0174512772
0.0167718033
-0.0355598765
-0.0058774133
0.0000372683
0.0071331299
0.0050859860
0.0232430972
-0.0272146639
-0.0035651508
-0.0115404494
0.0034028566
0.0097366345
0.0231902015
-0.0082564741
0.0118850031
-0.0319669065
-0.0032214232
0.0186304137
-0.0069991914
0.0059365307
0.0184300190
0.0184011609
0.0151953529
-0.0021479535
0.0021940713
-0.0056789195
0.0148075584
0.0420640980
0.0013405771
-0.0099654666
0.0006358440
-0.0365050198
0.0043594009
-0.0157836529
-0.0024066275
0.0003217612
0.0132899760
0.0037872138
0.0147958430
-0.0254360941
-0.0246648747
-0.0017754509
-0.0096452133
-0.0025442868
0.0062282693
-0.0006247796
0.0099530174
0.0271927298
-0.0171397111
-0.0012375754
0.0054180870
-0.0036681126
0.0181876259
-0.0422311101
0.0357243497
-0.0201022786
0.0037276582
0.0123981292
-0.0138181386
0.0081290034
0.0123894664
0.0092100603
-0.0162955649
0.0353239219
0.0039929453
-0.0202786978
0.0111183958
0.0006951455
0.0081700405
-0.0626928437
0.0232421722
0.0026852248
0.0028945634
-0.0075666608
0.0135002956
0.0173276658
0.0047648071
0.0244891721
0.0014046635
-0.0070365651
-0.0180829446
-0.0102869303
0.0143663129
-0.0014416921
-0.0060654583
0.0092941578
-0.0188066882
-0.0090055128
0.0051231673
0.0099670106
0.0088596750
0.0050191986
0.0085200665
0.0239876901
-0.0137419623
-0.0082338210
0.0215439006
-0.0225385002
0.0154022148
-0.0300965643
-0.0079302972
0.0131800168
-0.0035877849
-0.0032050067
0.0119747610
-0.0319927992
0.0008281299
0.0069464825
-0.0043706578
-0.0108672949
-0.0120139580
0.0076750672
-0.0299610536
0.0069265390
-0.0084327331
-0.0052605848
0.0122113387
0.0119391119
0.0042145016
0.0026605256
0.0143581024
0.0333128961
0.0112530404
-0.0169249449
-0.0366860170
0.0339587745
-0.0305299417
0.0212942449
0.0140292579
-0.0066819999
0.0123601565
-0.0149601169
0.0207036268
-0.0092246296
0.0123310491
0.0173147918
-0.0021415643
0.0416208978
0.0087286279
0.0140144700
-0.0083394356
-0.0009974461
0.0238876872
-0.0141594160
-0.0373607885
-0.0058672986
-0.0156000275
0.0058795344
0.0094436220
-0.0130861858
-0.0056333375
-0.0161186596
-0.0151241191
0.0039757560
0.0110620346
0.0032809896
0.0167569235
0.0173842754
-0.0012773959
-0.0096867410
-0.0165048913
-0.0217989495
0.0024574437
-0.0039235664
0.0373620489
0.0021511529
-0.0247960911
0.0250345500
-0.0377871504
-0.0237070998
0.0063961805
-0.0002595335
0.0223852092
-0.0255021827
-0.0210328140
-0.0104126279
-0.0072923715
-0.0250839648
0.0036838763
-0.0104306260
-0.0259164937
-0.0157735164
0.0194288247
-0.0075922379
-0.0028348769
0.0156429216
0.0050734054
-0.0184996936
-0.0056220343
-0.0109075201
0.0027620678
-0.0100535972
0.0186069095
-0.0139246393
-0.0092297535
0.0012645482
0.0336159343
0.0138626395
0.0090266391
-0.0096130855
0.0183660876
0.0370822021
0.0256844612
0.0178639983
0.0131803826
-0.0118844295
0.0077455937
0.0121210616
-0.0048670272
0.0338582580
0.0072343002
0.0156712016
0.0039824016
-0.0365690634
-0.0068240711
-0.0015324704
0.0198164726
0.0043474291
0.0021317720
0.0052600156
-0.0027638405
-0.0130270497
-0.0219499211
0.0043886583
0.0102228058
0.0486242275
0.0070253207
0.0117606927
-0.0048516791
0.0088049809
0.0151838747
-0.0185012580
-0.0244903664
0.0203009200
0.0207939079
0.0068853864
-0.0155002356
0.0051913330
0.0327897972
-0.0301239847
-0.0247547970
0.0022304577
0.0000661469
-0.0223253786
-0.0147577388
0.0097451203
-0.0088676087
-0.0138710050
0.0269067010
0.0036145612
0.0055068308
0.0152446734
0.0052615390
0.0189395479
0.0063893684
0.0333154534
-0.0085458337
0.0068203453
0.0004144483
-0.0116153982
-0.0056066146
-0.0127137747
0.0031207593
0.0173029105
0.0004135155
0.0097425821
0.0062238528
-0.0048485107
-0.0086290634
-0.0065874521
-0.0421792169
0.0271112951
0.0011098444
-0.0050041566
-0.0222656730
0.0314558730
-0.0062368613
-0.0018430594
0.0067953498
0.0144750629
-0.0120298942
0.0185993471
0.0005608634
0.0236305694
-0.0008891433
-0.0064040164
-0.0273279060
-0.0056173968
0.0092723127
0.0125105795
-0.0038272712
0.0464065831
-0.0306493760
-0.0016613888
0.0251787736
0.0104283819
0.0029960283
-0.0308177112
0.0050770027
-0.0095455855
0.0030189957
0.0172906851
-0.0004459625
-0.0050589018
0.0162636961
-0.0010775044
-0.0128610481
-0.0179936277
0.0175224750
0.0168111026
0.0125585797
0.0023463914
-0.0141982012
-0.0060169856
0.0335811043
0.0027431533
0.0133645446
-0.0074419361
0.0031961633
0.0048291397
0.0011947801
-0.0006506376
-0.0030048975
0.0046968522
0.0243310299
-0.0003951535
0.0023116348
0.0076430406
0.0046539401
0.0099516106
0.0102933705
-0.0030664223
-0.0188485575
-0.0008525642
-0.0148711689
0.0073028519
0.0074863472
-0.0172538547
-0.0075267322
0.0263642971
-0.0063362239
-0.0080618097
-0.0235388387
-0.0007281122
0.0144446725
0.0369065474
0.0225706068
0.0047560472
0.0176482189
0.0189770720
0.0059948520
-0.0034847269
0.0436562250
0.0243707483
-0.0203128608
-0.0223091015
0.0106941015
-0.0190021056
-0.0107542605
0.0017951007
-0.0252736030
0.0037071389
-0.0157792087
-0.0303371967
0.0315325707
-0.0230945160
0.0097795352
-0.0119963177
0.0276692168
-0.0018411321
0.0325539940
-0.0058646242
0.0034036106
-0.0087392191
0.0181686691
-0.0306083170
-0.0132978610
-0.0155013728
0.0069297350
-0.0167137713
0.0058497792
0.0093057034
-0.0197132929
0.0008491108
0.0010905610
-0.0180770530
-0.0041930271
0.0339927537
-0.0039871353
-0.0162529267
0.0062602650
-0.0223441894
-0.0034389404
-0.0081529238
0.0174067463
0.0244304325
0.0191361157
0.0077198177
-0.0169174399
0.0219139790
0.0088479538
-0.0111081801
-0.0123898855
-0.0042308022
0.0103024314
0.0062068099
-0.0319410530
-0.0160117820
-0.0131688302
-0.0019022386
0.0048341760
0.0041756874
-0.0045714225
-0.0054967860
0.0078906187
-0.0010473441
-0.0082689568
0.0061499179
-0.0180762292
-0.0053946818
0.0247388154
-0.0219858785
-0.0274476535
0.0273992510
-0.0104389016
-0.0029958808
0.0294264742
-0.0095142751
-0.0120358495
0.0105551153
-0.0038211778
0.0058325363
-0.0067445218
-0.0137544674
0.0046839069
0.0049159690
-0.0214568389
-0.0127364120
-0.0305199037
0.0047793202
0.0017436748
-0.0063878300
-0.0103486555
0.0004563918
-0.0100684984
0.0194505589
-0.0212525828
-0.0235693210
0.0365086758
-0.0262031410
-0.0202486834
0.0073725072
0.0072730269
0.0126243098
0.0046045174
-0.0042710678
-0.0088187955
-0.0122821626
0.0243588780
-0.0050390739
0.0087977095
0.0343257018
-0.0048973106
0.0006471796
0.0078438700
-0.0248122594
0.0079168596
0.0090688162
-0.0203037648
-0.0242813499
-0.0087231755
-0.0072708066
-0.0302478875
-0.0005200641
-0.0134769171
0.0017572224
-0.0125442095
-0.0391640218
0.0127674677
0.0161323368
-0.0099205044
-0.0267796601
-0.0002512063
-0.0043405519
-0.0029086366
0.0020955688
-0.0365050706
-0.0176414430
0.0092107297
0.0144529298
-0.0026168110
-0.0007982003
-0.0123941233
0.0304413900
0.0040275105
0.0192245612
-0.0062203735
-0.0005393805
-0.0035216175
-0.0084676769
0.0301090672
0.0252527227
-0.0205401508
0.0007185572
0.0063689755
0.0100735976
0.0194307364
-0.0074888354
0.0132948116
0.0001808814
0.0039511309
-0.0199628884
-0.0167400799
-0.0022366024
0.0005092197
0.0370169712
0.0275772302
-0.0109820536
-0.0070485217
-0.0200042902
-0.0158892503
-0.0193043806
-0.0012545408
-0.0232110937
-0.0098536987
0.0029020407
-0.0111114702
-0.0152543331
-0.0176380555
0.0212408414
0.0301189371
-0.0109883843
-0.0037322749
-0.0209983395
0.0115688892
0.0035199995
0.0191985026
-0.0086033507
0.0240710588
0.0156863344
0.0147352777
0.0090453328
-0.0008805228
0.0130883405
-0.0303311645
0.0015816357
0.0056779476
-0.0066351787
-0.0000038863
0.0184746193
-0.0029679185
0.0140370177
0.0097205440
-0.0202863358
0.0288797793
-0.0253158947
0.0356739616
-0.0240199874
0.0012693128
0.0107871594
0.0261988611
0.0038932641
-0.0269329398
0.0141075957
-0.0074676304
0.0196839826
0.0276130129
0.0251180430
-0.0241347033
-0.0046870821
0.0137086989
-0.0018088089
-0.0103176548
0.0042267579
-0.0175587638
0.0033632466
-0.0167626355
0.0258791995
0.0126476731
-0.0029302777
0.0134517840
-0.0209258440
-0.0094097281
-0.0003799703
-0.0194436031
-0.0185772328
0.0179686800
0.0300779293
0.0005200826
0.0021787489
0.0050919345
-0.0053041442
0.0072911430
0.0167108221
0.0091808660
-0.0346451838
0.0088459220
-0.0062353435
-0.0078638904
-0.0196509679
-0.0138679473
0.0185738167
-0.0229507551
0.0094955461
0.0061046069
0.0153796498
-0.0277120842
-0.0028145878
-0.0113181427
-0.0125854989
0.0298985309
0.0225689175
-0.0079618337
0.0069281140
0.0074900420
-0.0022879206
-0.0069269360
-0.0112781457
0.0030253621
-0.0147807170
0.0152178898
-0.0036041194
-0.0018837380
-0.0042593758
-0.0158773529
0.0140369190
-0.0050860537
0.0119100472
-0.0060376266
0.0085714736
0.0134703281
-0.0387144653
-0.0456724493
0.0083685334
-0.0280587762
-0.0195295473
-0.0175649361
-0.0400381986
0.0273184915
-0.0202195794
0.0033168138
0.0173988107
-0.0279048493
-0.0083105828
-0.0033223682
0.0037143525
0.0283549828
0.0099704720
-0.0112802125
0.0270716046
0.0054479094
-0.0078965816
0.0311237342
0.0047184433
-0.0257248825
0.0325612488
0.0299215878
0.0062171984
0.0059198414
0.0185976248
0.0210883195
-0.0456476762
-0.0125744943
0.0141508362
0.0209647574
-0.0022407355
-0.0189120082
0.0254793561
-0.0048970786
-0.0182407202
0.0035441297
0.0088273750
0.0283833538
-0.0333863672
0.0228547215
0.0097321573
-0.0035249680
0.0095999562
0.0046144008
0.0038540957
0.0164028577
0.0306654700
-0.0021939082
0.0167842510
0.0125270914
-0.0101922528
-0.0134026673
0.0292307580
0.0448214651
-0.0006845834
-0.0062702967
-0.0327681155
0.0466565424
-0.0023966969
0.0018252591
0.0020307957
0.0045507819
0.0261738246
0.0255862220
0.0123908752
0.0257974766
0.0062212646
-0.0190975823
0.0063899386
-0.0319009312
-0.0034818382
0.0076155500
-0.0095101580
0.0052010214
0.0365906384
-0.0324138681
-0.0089929287
-0.0102203746
0.0186966914
0.0003176430
0.0004010916
-0.0295525221
0.0142929339
-0.0110112416
-0.0219959777
0.0108220600
-0.0021356918
-0.0225347528
0.0057108508
0.0117973075
0.0026241908
0.0057540239
-0.0062096446
-0.0159309211
0.0294890808
0.0119807427
-0.0123804832
0.0017958860
0.0210245875
-0.0048901313
-0.0009177424
0.0062223452
-0.0071833992
-0.0318508358
-0.0158918721
0.0185437843
-0.0172565380
0.0061941136
0.0117165989
0.0187453366
-0.0040188258
0.0064123546
-0.0266506526
-0.0013240696
-0.0052261341
-0.0127973798
-0.0043256776
-0.0022510020
-0.0064972709
-0.0461464372
0.0372240996
0.0120610648
-0.0027699074
0.0243009550
0.0012038264
0.0054984418
0.0079916629
-0.0138715625
-0.0011583271
-0.0249552742
-0.0024586764
-0.0097703416
-0.0088302247
0.0121940137
-0.0043166200
-0.0223330773
-0.0046150559
0.0411253013
-0.0137527319
0.0014091925
-0.0235642204
0.0072738306
0.0035969174
0.0084174147
0.0005204172
-0.0032096965
0.0003072907
0.0361410552
-0.0445433486
0.0074561593
-0.0168133120
-0.0023517264
-0.0189547250
0.0219894981
0.0100482032
0.0052259643
0.0153386991
-0.0028801663
0.0121307613
0.0349148317
-0.0020809297
0.0168035725
-0.0207694322
0.0258700047
-0.0003792672
0.0125061649
-0.0142825902
-0.0396055252
-0.0198114474
-0.0054162906
-0.0169224063
0.0118018214
0.0011151028
-0.0115549906
-0.0050731650
-0.0038668205
0.0035229565
-0.0148748608
0.0464968610
-0.0058715619
-0.0025599243
0.0157170094
0.0226695056
0.0058267600
-0.0013259452
-0.0010757689
0.0326535538
-0.0132482331
-0.0059855837
-0.0096936571
-0.0106268109
0.0373426627
0.0003572344
-0.0152400876
-0.0062611339
-0.0167897162
0.0279985813
0.0000103330
-0.0081636966
-0.0268065990
0.0027246298
-0.0147895192
0.0001879947
-0.0095660087
0.0118832660
-0.0171239809
0.0143971741
-0.0020410887
-0.0121542482
0.0182783131
0.0172634867
0.0108481916
-0.0138542362
0.0003669320
0.0105441693
-0.0066535781
-0.0009758604
0.0348954469
0.0013702818
0.0071178417
-0.0149365993
-0.0013738315
-0.0092769887
-0.0042696017
0.0194745361
-0.0006250767
-0.0168877560
-0.0110651160
0.0047239734
0.0085917174
0.0103242342
-0.0030856793
-0.0076252554
0.0007683204
-0.0416758636
-0.0280206960
-0.0429562414
-0.0046222685
-0.0144722999
-0.0007436256
-0.0068836051
0.0040565959
0.0057804149
0.0147437641
-0.0159723345
-0.0007344276
-0.0350862883
0.0019029306
-0.0103672858
-0.0173287283
-0.0182294385
0.0358841364
-0.0115894940
-0.0106962369
0.0152434804
-0.0130446509
-0.0258715447
0.0124641644
-0.0022609148
-0.0028261318
0.0189506238
-0.0107914824
-0.0125220366
0.0011512583
-0.0074149240
-0.0060030186
0.0230826196
-0.0320707976
0.0037891023
-0.0117998398
0.0045692019
0.0082607692
0.0086598426
0.0090106010
-0.0200915287
-0.0020213244
0.0222722595
-0.0163479165
0.0033587676
0.0176203387
-0.0017139334
-0.0372900073
-0.0386503795
0.0197440255
0.0353942774
0.0053132662
-0.0086146028
-0.0090348541
-0.0188934616
0.0387663667
-0.0052572803
0.0236818682
0.0110276343
-0.0011578067
-0.0324390663
0.0019347437
0.0353013708
-0.0133328433
0.0178744201
-0.0280166852
0.0051435959
0.0235223671
-0.0042795591
-0.0040643908
-0.0059627729
0.0056054022
0.0245780612
-0.0154785251
0.0019672544
0.0075925653
0.0283912737
-0.0052318780
0.0288342157
0.0023591574
0.0030266483
-0.0240147066
-0.0074113148
0.0154930762
-0.0259068200
0.0133303650
-0.0111997732
-0.0002786403
-0.0068228133
0.0156518223
0.0199531936
0.0304645190
-0.0124121899
-0.0226212251
-0.0112280108
0.0123288863
0.0155018793
-0.0114917954
-0.0232221213
-0.0144035867
0.0028624152
0.0117830678
-0.0100997799
0.0130836656
0.0108498070
0.0170980246
-0.0125244976
-0.0129430215
-0.0169501900
0.0080775961
0.0115451794
0.0132211785
-0.0329372712
-0.0097866187
0.0047881726
0.0163886570
0.0057622667
0.0130331154
-0.0141078919
-0.0278357387
-0.0285039587
0.0008191620
-0.0295531797
0.0245578926
-0.0148655573
0.0143208001
-0.0008751149
0.0093989874
-0.0141976879
0.0148069608
-0.0098199144
-0.0110687485
0.0207186631
-0.0148674805
-0.0049513464
0.0302591538
-0.0189564179
-0.0242480691
-0.0051924670
0.0286564125
-0.0066402476
0.0004707514
-0.0162249104
-0.0249249720
0.0151920228
-0.0035961048
-0.0371183535
-0.0092553800
0.0009214482
-0.0306855451
0.0009714666
0.0076260846
-0.0008806899
-0.0114444465
0.0157864193
-0.0241245494
0.0044502914
-0.0085855724
0.0112132340
-0.0332419947
-0.0302924809
-0.0086248490
0.0154155003
-0.0087719706
0.0120266043
0.0064693645
0.0188649206
0.0006435516
0.0028188208
0.0229673999
0.0225560054
-0.0233005651
0.0038796458
0.0028950493
0.0291949512
-0.0171153064
-0.0131754583
0.0134552647
0.0001164731
0.0033725778
0.0005104874
-0.0332370406
-0.0279055257
0.0133398639
0.0041875269
0.0015452416
-0.0132004843
0.0084464443
-0.0133480138
-0.0061512242
0.0004773831
-0.0106853565
0.0008353045
0.0039854656
-0.0040204412
-0.0112476348
0.0170616305
-0.0191489294
-0.0383336677
0.0009460917
-0.0038587989
-0.0106678026
0.0122219306
-0.0029807175
-0.0445253099
-0.0368922178
0.0004167792
0.0049732475
-0.0139363167
-0.0064206422
-0.0073412752
-0.0057213474
0.0055481003
0.0003869512
0.0194958274
0.0060338502
-0.0042905029
0.0323976395
-0.0080625283
0.0276455233
-0.0247340817
0.0001278067
0.0321953510
0.0113976790
0.0089124741
0.0286881335
0.0392148241
-0.0064488869
0.0011947489
-0.0050256451
0.0043977366
-0.0071126263
-0.0175331866
-0.0142573226
-0.0124982944
-0.0149990390
0.0476833200
0.0005445197
-0.0159344945
-0.0016190759
-0.0248308169
-0.0049134928
0.0151097303
0.0174068209
-0.0038624559
0.0050841818
0.0275564576
0.0430070685
-0.0226407135
0.0207334049
-0.0063387111
0.0329414216
-0.0075909048
0.0246625685
0.0218301491
0.0188088410
-0.0191776699
0.0009056485
-0.0156681176
0.0175857911
0.0136999763
-0.0218157595
-0.0136611004
-0.0159522075
0.0076059100
-0.0073467783
-0.0004472786
-0.0129783529
0.0114513430
0.0080635906
0.0099921371
-0.0195396825
-0.0076396506
0.0146958858
-0.0335765904
0.0078723920
-0.0097940240
0.0052007945
-0.0350019753
0.0154736071
0.0052615075
-0.0022700538
0.0006712454
0.0120590678
0.0061193346
-0.0146747067
0.0155710922
-0.0187910111
0.0003787358
0.0276501857
0.0155514044
-0.0029572949
-0.0130174116
0.0245204345
0.0010769804
-0.0011231895
-0.0163984406
0.0227321979
0.0425422760
0.0060670750
-0.0220734398
0.0420280925
0.0117630878
0.0040956044
-0.0081544182
-0.0032717009
-0.0041489615
-0.0041454339
0.0262405011
-0.0175256318
-0.0253168374
-0.0117928868
0.0097172058
0.0000474667
-0.0199740009
0.0010647502
-0.0373048672
-0.0385689563
-0.0019633973
-0.0084212897
-0.0073701416
-0.0313643203
0.0355552919
0.0114772685
-0.0150928331
0.0329795297
0.0280246571
0.0403928236
-0.0212898162
0.0256507386
-0.0028271669
0.0035378255
0.0067939962
0.0067175152
-0.0114691938
-0.0261723693
0.0266835809
-0.0040308769
0.0028838469
0.0263283970
-0.0105425961
-0.0133736363
-0.0012360306
-0.0025380102
0.0033971655
-0.0000644929
0.0134534411
-0.0180952699
-0.0074699180
0.0134220411
0.0090624977
0.0453529210
-0.0187109944
0.0032320331
-0.0052818866
-0.0150097760
0.0197118344
0.0021166417
0.0211570947
-0.0072115153
0.0076388401
0.0105095290
-0.0283493421
-0.0071383461
0.0067748130
-0.0355316808
-0.0160500121
-0.0232089187
0.0008896898
0.0444315611
0.0101700146
-0.0198203840
-0.0030792454
-0.0015743261
0.0088310611
0.0062945354
-0.0154233555
-0.0267424095
0.0095848419
0.0157027618
-0.0109339102
-0.0013856093
-0.0027723166
0.0033404235
0.0144104363
-0.0118515911
0.0207916978
-0.0265868280
-0.0252960188
0.0300384799
-0.0107489001
-0.0121677993
-0.0096607709
0.0124312095
-0.0157077899
0.0212722907
0.0094964300
-0.0083476948
0.0067181370
-0.0037121757
-0.0062954164
0.0168911134
0.0339522413
-0.0020633575
-0.0183657794
0.0405494177
0.0130212746
-0.0049466296
0.0193061313
0.0153954011
-0.0144172626
0.0110800226
0.0112260496
-0.0022453691
0.0100753363
0.0060028193
0.0370469911
-0.0311548982
-0.0275807944
0.0183089860
-0.0068536620
0.0436073568
-0.0149847319
0.0030803772
-0.0218353037
0.0108083746
0.0549892072
0.0115123104
0.0368633346
0.0184323568
-0.0116242178
-0.0348164093
0.0265698718
0.0100615907
-0.0041157706
-0.0243462022
0.0130090865
0.0247880034
0.0372677782
0.0102093189
-0.0194761611
-0.0028811223
0.0089151198
-0.0005029707
-0.0088955009
-0.0000231064
-0.0133949789
-0.0085821074
0.0038902257
-0.0002689284
-0.0276036106
-0.0064757112
0.0547077232
-0.0109640691
0.0172009716
0.0026971219
-0.0172697042
-0.0063352471
0.0263044314
0.0031968002
-0.0135034659
-0.0059966980
0.0065517893
0.0053820758
0.0253260417
0.0050318877
0.0370135499
-0.0114992886
0.0136935383
-0.0120130313
0.0008252846
-0.0130909332
0.0054668318
-0.0049698411
0.0279247809
-0.0178357850
0.0241666484
0.0115757867
0.0097770082
-0.0075704328
0.0016417790
-0.0051009886
-0.0103189501
0.0021774387
-0.0115113779
0.0164984618
0.0147647379
-0.0117403396
0.0060152774
-0.0175514443
-0.0157203492
0.0416020544
-0.0327479779
-0.0111886222
-0.0121797056
-0.0032592487
-0.0333812674
0.0102165399
0.0004735178
0.0126055026
0.0108296402
-0.0191839588
-0.0265352885
0.0199395051
0.0179964511
-0.0056535498
-0.0094730883
-0.0014746948
-0.0069927143
-0.0056172700
0.0166875351
-0.0094948917
-0.0052134355
-0.0012661059
0.0246134688
0.0126459286
-0.0151945408
-0.0008219333
-0.0132094164
-0.0111742626
-0.0119811676
-0.0264173539
-0.0064904886
-0.0062103072
0.0022410699
0.0091049134
0.0131566715
-0.0142393555
-0.0111308248
-0.0078579853
-0.0120849669
0.0036823861
0.0084500484
0.0024369291
-0.0139002085
-0.0067882539
0.0098110044
0.0060405008
0.0011847787
-0.0108338424
-0.0160202152
0.0381950968
-0.0008894061
0.0273104865
0.0140067454
-0.0095911504
-0.0329112250
-0.0098936782
-0.0313787308
0.0012426686
-0.0083485174
0.0044388099
-0.0195444692
-0.0015799271
-0.0147173877
-0.0072906512
0.0150122443
0.0108060707
-0.0041970980
-0.0185656490
0.0076254175
0.0310361019
0.0210701532
-0.0166934120
-0.0082449754
-0.0221705090
0.0278019106
-0.0097762843
0.0114321820
0.0147423510
0.0321952965
0.0047378992
-0.0325251176
-0.0131912974
-0.0047102189
0.0111059143
-0.0015331030
-0.0012182959
-0.0029525018
0.0114266113
0.0109153031
0.0025405739
0.0204086467
-0.0185495391
0.0046582304
-0.0118684811
0.0232380758
-0.0168875885
-0.0142051017
-0.0057744106
0.0161342953
-0.0055728962
0.0162350256
-0.0157101147
0.0340431710
0.0161830932
0.0187581120
-0.0341484547
-0.0247713602
0.0294243555
0.0199816669
0.0060576732
-0.0113843083
-0.0180842696
-0.0329126553
0.0116307206
-0.0317488564
0.0205052377
0.0116792336
0.0027458674
0.0072766913
0.0213071332
-0.0030984974
0.0165802805
0.0111440180
-0.0020034928
0.0080575214
-0.0108295398
0.0067783171
0.0051282705
-0.0039436230
0.0191634972
0.0177933125
0.0197858558
-0.0329137051
0.0030917679
-0.0136624609
-0.0053458863
-0.0218223644
-0.0089297043
-0.0062363075
-0.0184024315
0.0069258734
-0.0060809761
0.0231025545
0.0282951056
-0.0038565417
-0.0061308154
0.0053016495
-0.0039636503
-0.0116541880
0.0160397662
0.0209501372
-0.0019299393
-0.0063042244
0.0100334453
0.0068909145
0.0072160991
0.0124533503
-0.0193662889
0.0275303661
0.0098915228
-0.0129724114
-0.0103626557
0.0080566509
0.0000927471
-0.0021283967
-0.0062165567
0.0273226611
0.0013217818
0.0175194825
-0.0021630117
0.0175968228
-0.0072304906
0.0030304900
0.0148499414
0.0206954308
0.0094731872
0.0083032728
0.0002210437
0.0016296957
-0.0087188556
-0.0170414555
0.0052248142
-0.0000295579
0.0181155825
0.0367561756
-0.0033577576
-0.0278788547
0.0441797283
-0.0218017998
-0.0215279609
-0.0058976677
0.0080915269
-0.0112692393
0.0310088141
-0.0015072429
0.0287852371
-0.0095724808
-0.0184725959
0.0044794638
-0.0307898578
0.0096997463
0.0248564393
0.0232529351
-0.0377272727
0.0180103189
0.0144952563
-0.0111714122
-0.0390279048
-0.0170213002
0.0106396085
0.0339486507
-0.0144902986
0.0054895093
-0.0138117888
0.0130203616
-0.0076765186
-0.0243701782
-0.0009667677
-0.0133502344
-0.0116704279
-0.0040708737
0.0055092387
0.0072234642
0.0169451602
0.0213716658
-0.0228898931
0.0280959844
-0.0129611618
0.0124191944
-0.0181495922
0.0192000348
0.0087185399
0.0233367300
0.0147983282
0.0016257467
0.0191752955
0.0364108222
0.0168573729
-0.0086716045
-0.0144265809
-0.0173432261
-0.0282416705
0.0261773305
0.0159771759
-0.0426454214
0.0058782687
0.0083605239
0.0036192340
0.0037443144
0.0346233686
0.0364410307
-0.0203270638
-0.0151671443
-0.0144523082
-0.0117519924
-0.0064772852
0.0003539443
-0.0144826794
-0.0029112954
0.0126821713
0.0227990637
-0.0092849838
-0.0081524592
-0.0026528834
-0.0200443956
-0.0167905048
0.0009119597
-0.0025870131
-0.0067553124
0.0212703452
0.0037635416
-0.0020052417
0.0166243884
-0.0032264330
0.0301600382
0.0004327900
0.0079895424
0.0047901732
0.0053803364
-0.0068685270
0.0074623302
0.0036683586
0.0075541780
0.0238859187
-0.0029136009
-0.0007196626
0.0323179658
-0.0365990483
-0.0006708213
-0.0117083786
-0.0036185234
0.0124185319
-0.0459667535
-0.0004449878
-0.0031362320
-0.0011371662
-0.0211987493
-0.0682765315
0.0171438287
0.0073038983
0.0308223092
0.0085327869
-0.0030065281
0.0131748490
0.0110799344
0.0142688326
0.0375394597
0.0041952055
0.0316475250
-0.0282305270
0.0020885470
0.0134100313
0.0323082718
-0.0098340209
-0.0032251602
-0.0174003352
0.0136351160
-0.0104384104
0.0212631936
-0.0279488800
-0.0217565162
0.0224099971
0.0010844400
0.0068270098
-0.0327364932
-0.0137525737
-0.0064871781
0.0200151148
-0.0020640259
0.0136335861
0.0031862050
-0.0161171013
0.0069506846
-0.0032105677
-0.0139038708
0.0216580909
-0.0048511908
0.0012060398
0.0160282864
0.0036365382
-0.0122533918
-0.0343852810
-0.0063929374
-0.0172116661
0.0154348772
-0.0072551647
-0.0374998028
0.0246950427
-0.0260274749
-0.0095730806
-0.0068944480
-0.0047282640
0.0181981605
-0.0126020903
0.0065773337
-0.0233145176
0.0224632779
0.0183154560
0.0021013699
-0.0007935948
0.0059592446
-0.0037685622
-0.0127493149
0.0005573814
0.0119071811
0.0078870374
0.0062319118
0.0316103806
-0.0120387582
-0.0142316806
-0.0109765354
0.0014785919
0.0233637525
-0.0083610964
-0.0019404331
0.0064387933
-0.0123578585
-0.0211808078
-0.0189450380
-0.0159734774
0.0168265085
-0.0236628385
-0.0151406549
-0.0152570681
0.0056880889
-0.0144473483
-0.0373303779
0.0211077981
-0.0073175200
0.0043748871
0.0071732576
0.0203149011
0.0118626244
-0.0169531433
0.0122834157
0.0022597253
-0.0046232313
0.0047700096
-0.0042300396
-0.0257237044
0.0179808810
0.0131830081
-0.0191721231
0.0212945108
0.0304433175
-0.0173145834
0.0077866830
-0.0030220734
0.0167607344
-0.0013532966
0.0140543985
-0.0157433780
0.0053945323
-0.0208732448
-0.0273629054
-0.0028418619
0.0319792106
0.0004109903
0.0190535356
-0.0008055396
0.0052735000
0.0117301415
0.0005779529
-0.0410628157
0.0048768610
-0.0301208770
0.0384958706
0.0118166030
0.0025220325
0.0060833682
0.0174968119
0.0123444151
0.0110522185
-0.0008936340
-0.0029043892
-0.0033144783
-0.0016203609
-0.0218888749
0.0085735361
0.0124193561
0.0156469495
0.0177260622
-0.0173738192
-0.0157885015
0.0065177169
-0.0031334303
-0.0069998707
0.0135016239
0.0295246933
0.0115849762
0.0067321741
-0.0193336685
-0.0195179883
-0.0245405352
0.0207354250
-0.0093032041
0.0119645588
0.0220335010
0.0117942241
-0.0270882654
0.0209135912
-0.0056265252
-0.0221180433
0.0071272868
0.0075811164
0.0218659189
-0.0132924969
0.0069251723
-0.0159858917
0.0263852023
-0.0063772891
-0.0109419711
-0.0196026088
-0.0328545211
0.0010351518
-0.0111723860
-0.0048351100
0.0076823760
-0.0073652361
0.0007240258
-0.0142285399
-0.0007749157
0.0049512420
-0.0165318152
0.0348501000
0.0255544578
0.0047387390
0.0050590489
-0.0206108884
-0.0204160498
0.0041673823
-0.0132946344
-0.0110565444
0.0107102297
-0.0293817310
0.0256178148
0.0071292253
0.0304730163
-0.0164671918
-0.0067505501
0.0145837176
-0.0134817547
0.0358140640
0.0007823932
-0.0114856599
-0.0119597811
-0.0153564366
-0.0114282907
-0.0189976445
-0.0018811155
0.0103092421
0.0390060518
0.0158098261
0.0448758697
0.0029003353
0.0034296739
-0.0141427784
-0.0064171142
0.0027294558
-0.0043605436
-0.0108668965
0.0125114781
0.0026435771
-0.0042368628
-0.0151121378
0.0134593694
0.0118255440
0.0004872164
-0.0040076544
-0.0337794948
-0.0032640955
-0.0026186994
0.0218505747
0.0181132736
0.0069672397
-0.0155923533
0.0075515438
0.0121742199
0.0042697120
0.0268122642
0.0053468816
-0.0019712738
-0.0052222669
0.0026141402
0.0134593327
0.0137071737
0.0258665919
0.0030516428
0.0018766669
-0.0143974505
0.0118163083
0.0015366073
0.0154197010
-0.0046878850
0.0378854268
0.0219798190
0.0042576132
-0.0146501855
0.0431769981
-0.0227417082
0.0062113117
-0.0017210679
0.0086402858
-0.0090653982
0.0181569727
-0.0053599947
-0.0218117168
-0.0076530986
-0.0100683437
-0.0061181874
-0.0113818889
-0.0186508129
0.0070582659
-0.0141365450
-0.0057115378
0.0123256384
0.0134672422
-0.0089332299
-0.0004309373
0.0133838042
0.0243001261
0.0067651852
-0.0189009278
0.0052806225
0.0090297951
-0.0095421104
0.0013832311
-0.0085325900
-0.0015210120
0.0231472433
0.0036615878
-0.0246627198
-0.0145048551
0.0035259330
-0.0022592327
0.0078891723
0.0213087456
0.0104403055
0.0113864266
-0.0190352285
-0.0008008167
0.0054769656
-0.0150284107
-0.0452044048
0.0025464337
-0.0052098989
-0.0057910419
0.0195026729
0.0056717313
-0.0344114401
0.0065319814
-0.0123815353
0.0097926315
0.0344295064
0.0147962107
0.0098969659
0.0077816713
-0.0046634014
0.0215030477
0.0029292676
-0.0218756093
0.0061325473
0.0111289436
0.0354213666
0.0137482536
0.0377747778
-0.0159805841
-0.0208835801
0.0284492685
-0.0007508909
0.0064739263
0.0318289392
0.0179460324
0.0279679158
0.0217821517
-0.0171799657
-0.0156181667
-0.0101568861
0.0141263684
0.0133792391
-0.0278964189
-0.0297570059
0.0185559573
-0.0088315504
-0.0051844275
-0.0088208964
-0.0111188146
0.0018637518
0.0102195301
-0.0004850151
-0.0434142259
-0.0198125839
-0.0047358222
-0.0102561182
0.0054998406
0.0069437780
0.0055545609
-0.0161722189
-0.0395341451
-0.0051631651
0.0361303897
0.0093138070
0.0075413941
-0.0089275453
0.0093344532
0.0057386123
-0.0104659922
0.0075108262
-0.0011400065
-0.0054070488
0.0178124036
0.0059511539
0.0131259171
0.0031627377
-0.0161393210
