0.0491271001
-0.0645431945
-0.0128290661
-0.0148536084
-0.0143871546
-0.0332413991
-0.0086024831
0.0227440024
0.0248864782
0.0113265267
-0.0004998869
0.0364712266
0.0234043069
0.0241638178
-0.0348937178
-0.0083274107
0.0139470494
0.0017507494
0.0071536196
0.0253398092
0.0253695709
-0.0474698415
0.0164483607
-0.0514769362
-0.0242278563
-0.0131294807
0.0055277780
0.0061763384
-0.0139836428
-0.0207835309
-0.0026706444
0.0202224844
0.0150393316
-0.0262452366
0.0244953945
0.0182408999
-0.0054087432
-0.0260428316
0.0018440058
0.0010779211
-0.0135597320
-0.0139583379
-0.0292291844
-0.0108578478
0.0199570824
0.0261069636
-0.0289917547
-0.0119205263
0.0294273076
-0.0010013058
0.0220443987
-0.0138236911
0.0335295217
-0.0028975395
-0.0000353128
0.0078822474
-0.0387861604
0.0260944368
0.0037486639
0.0073927511
-0.0080989814
0.0410456824
0.0071864636
0.0155156161
0.0342403469
-0.0063103485
-0.0179103583
-0.0176467372
0.0277202912
-0.0328983678
-0.0092668680
-0.0335119684
0.0178743609
-0.0262339247
-0.0270748466
-0.0020520187
0.0009452907
0.0095960878
0.0114997098
0.0147941402
-0.0379456784
0.0267405420
-0.0287143524
0.0143172075
0.0409650225
-0.0284448864
0.0314554640
-0.0161371443
0.0183975079
0.0306038790
-0.0200849131
-0.0005958745
0.0010107739
-0.0313951134
0.0340585241
-0.0042668405
-0.0047537585
-0.0089982342
-0.0177517568
0.0257324679
0.0457218877
0.0032158842
0.0232159314
0.0143777085
0.0234410313
-0.0153463444
-0.0437205248
0.0154501052
0.0068790747
0.0131318886
0.0170976035
0.0184231408
0.0020903440
-0.0082126219
0.0200896119
0.0175326264
-0.0077135747
0.0226355787
0.0143693967
-0.0018789914
0.0090125355
-0.0165241721
-0.0062092313
-0.0019315545
-0.0223767986
0.0105738790
-0.0054766289
-0.0421134557
-0.0025196629
0.0173070678
-0.0172110218
-0.0082785502
-0.0085902963
-0.0155134459
0.0033938717
-0.0074520156
-0.0037011240
0.0116328357
0.0048939853
0.0333286432
0.0044371597
0.0431935778
0.0206144452
-0.0448238557
-0.0025060603
0.0300717348
0.0065504388
0.0236356498
-0.0021833929
-0.0150329440
0.0087009647
-0.0325916987
0.0019364077
0.0142422286
-0.0224311041
0.0130413692
0.0056758216
-0.0211764005
0.0460973165
0.0192934785
0.0431591730
0.0050028842
0.0211868619
-0.0039945968
0.0093116963
0.0016506697
-0.0131088322
0.0252474949
-0.0196699880
-0.0032381589
0.0053620098
-0.0071823674
0.0261508775
-0.0063228012
-0.0158154315
0.0232920111
0.0409047157
-0.0212333216
-0.0130364745
-0.0108363116
0.0253935772
-0.0102429240
0.0077213717
-0.0070565986
0.0409422336
0.0122122415
-0.0058524635
-0.0103375408
0.0452159526
-0.0159809327
-0.0037702651
-0.0261791338
0.0278624551
0.0296429562
0.0342081714
-0.0024176584
-0.0109586035
0.0148319498
0.0124588061
0.0136949791
0.0049846159
0.0382401788
-0.0006958069
0.0206544812
-0.0188341934
0.0133297053
0.0312543942
-0.0034196408
0.0109594996
-0.0099681207
-0.0199039550
0.0135528665
-0.0080437377
0.0270627483
-0.0050608192
-0.0250265717
0.0198965709
0.0246801537
-0.0187604783
0.0077898922
-0.0202161612
0.0034802077
-0.0051204047
0.0155811974
0.0096930110
-0.0372590689
-0.0162942187
-0.0029799438
-0.0519159596
-0.0393462329
0.0173800872
-0.0045457047
-0.0033649484
-0.0200589086
-0.0056936336
-0.0228746270
0.0057932923
0.0175808909
0.0069054174
0.0308452170
0.0093137410
0.0163872414
0.0100415353
-0.0458714081
0.0128191864
-0.0097197990
-0.0079953204
0.0003488277
0.0190399446
0.0328644964
0.0149877052
0.0131825797
-0.0170973968
0.0018461587
0.0170613082
0.0128396273
-0.0110665183
-0.0203320473
0.0122520199
0.0341319862
-0.0054961453
0.0098839886
-0.0033193067
0.0172093075
-0.0373484127
0.0154205941
-0.0091211197
0.0072302139
-0.0126292464
-0.0023428415
-0.0321336677
-0.0194131416
0.0173707929
0.0433401087
-0.0508533255
0.0202297879
0.0231908632
-0.0187323913
-0.0345371054
0.0161849429
0.0123519127
-0.0145341574
-0.0143137645
-0.0076448599
0.0165655803
0.0191573863
0.0172991618
-0.0409253759
0.0021049331
0.0152266361
-0.0130040456
-0.0205550518
0.0153531246
0.0157296976
0.0022467669
-0.0184650025
-0.0100743867
0.0110497971
0.0133776931
0.0461223698
-0.0202819410
0.0136055966
-0.0316921332
0.0040671113
-0.0167986134
-0.0114397576
-0.0103428340
-0.0024038617
-0.0167531494
-0.0003742514
-0.0050599605
-0.0337158375
0.0315832759
0.0158632357
-0.0038330132
-0.0301912292
-0.0319553315
-0.0225838515
0.0099078041
0.0298945370
-0.0206573147
0.0064463723
0.0187944154
-0.0024950172
0.0201321291
0.0124595218
0.0616461445
0.0217649445
-0.0069630767
0.0365233367
0.0077903673
0.0221797100
-0.0149754853
0.0034788365
-0.0074178406
0.0128851792
0.0228558867
-0.0271650453
-0.0066260942
0.0019801962
0.0049478347
-0.0116431704
-0.0277705093
0.0530253443
-0.0012127745
0.0171759316
0.0099629423
0.0418904467
0.0006158262
-0.0310998074
-0.0171969035
0.0071880140
0.0180781894
-0.0108534060
-0.0046197719
0.0007446504
0.0174244621
0.0256650290
0.0152934574
-0.0126629894
0.0266849952
-0.0202641496
-0.0011735767
0.0111802800
0.0528089402
-0.0561397366
-0.0109306956
0.0134582903
0.0130694913
-0.0086577983
0.0153241789
-0.0087140414
-0.0171048979
-0.0381544784
0.0067762834
0.0187097355
0.0203397679
0.0249858381
-0.0028494754
0.0158649055
0.0336970607
-0.0652073563
0.0053815773
-0.0092001000
-0.0295207909
0.0092382390
-0.0427794120
-0.0096265886
0.0280151813
-0.0113961001
-0.0001676836
-0.0070184708
-0.0103768784
0.0047307407
-0.0254115842
-0.0116662200
0.0169063185
0.0109285661
-0.0031291443
0.0076389950
-0.0291101011
0.0124546601
0.0321211285
0.0100991815
-0.0367991070
-0.0449847025
0.0241457412
-0.0076703450
0.0195895568
0.0486569986
-0.0013823548
0.0133904370
-0.0199473217
-0.0137378323
-0.0007196370
0.0106845486
0.0163244742
0.0259910130
0.0111973164
-0.0279988567
0.0229592582
-0.0269393731
0.0093601751
-0.0043611988
0.0256512610
0.0156998227
0.0321509589
-0.0113142154
0.0022900195
0.0028030794
-0.0240184090
0.0097114097
-0.0349222732
0.0026021809
-0.0033861404
-0.0386604725
-0.0101842769
-0.0027927416
0.0101778396
0.0432298762
-0.0284538981
0.0269218433
0.0092820395
-0.0165889702
0.0163318226
0.0071587821
-0.0057157372
-0.0455957094
0.0096651697
0.0463004097
-0.0012123022
0.0244949589
0.0072254826
-0.0263385771
0.0180459136
0.0092290949
0.0173809861
-0.0151821042
0.0089744853
-0.0198573933
0.0188995674
0.0066948607
-0.0371850629
-0.0120343118
0.0177337156
0.0144893741
0.0428011671
0.0368579226
0.0336449907
0.0345785451
0.0263501166
0.0372925355
-0.0491707829
-0.0253730652
0.0053675370
0.0132910596
0.0303412611
-0.0084010606
0.0156903027
0.0307859548
0.0353395005
0.0218688453
0.0245246141
0.0016367098
-0.0062559834
-0.0019302515
-0.0099463835
-0.0351016571
-0.0141914487
0.0379864191
-0.0026115367
0.0462293680
-0.0371436421
0.0015858487
0.0066986602
-0.0169706157
-0.0076302410
-0.0147103877
0.0082423487
-0.0337358110
0.0111711070
-0.0151444931
0.0146902596
-0.0681122305
-0.0440423390
-0.0179858791
-0.0307945541
-0.0000194434
-0.0001567448
0.0110843513
0.0242492742
0.0382017233
0.0107392035
-0.0338685665
0.0149951149
-0.0151213987
-0.0087530627
0.0012787254
-0.0169997229
-0.0092549614
0.0519557431
0.0093711896
0.0144331567
0.0098270370
0.0249047672
0.0267945687
-0.0148498115
0.0018673895
-0.0349016876
0.0162841033
-0.0021382747
0.0042148229
0.0326310746
-0.0228580279
0.0401322570
-0.0170634916
0.0041859882
0.0102472083
0.0033971305
0.0025142204
-0.0253067023
-0.0190665672
-0.0105017364
0.0037694492
-0.0324360306
0.0033711504
-0.0308479851
0.0041042426
-0.0100551894
-0.0265139851
0.0219904009
0.0154653466
-0.0138510198
-0.0258673663
0.0023893749
-0.0078836736
0.0338326383
-0.0054353542
0.0076365771
0.0103496356
-0.0179390425
-0.0085147661
0.0230397519
-0.0144495850
0.0357630749
0.0122340910
0.0134169931
0.0085485991
0.0297795622
-0.0156974337
-0.0158806193
-0.0179957864
-0.0042302148
-0.0373582864
-0.0275607047
-0.0021280775
0.0084720866
0.0252938121
-0.0187997378
0.0289842731
-0.0048734723
0.0264567375
-0.0105623808
-0.0001064221
-0.0303883090
-0.0196104121
-0.0524319473
-0.0151873792
-0.0124599183
-0.0051254011
-0.0161788926
0.0295569855
0.0200726907
0.0160400029
-0.0288817564
-0.0059082824
0.0301961134
0.0162374140
-0.0043230211
0.0151404812
-0.0207227647
-0.0017601746
0.0121738330
-0.0209886591
-0.0049767564
-0.0187726793
-0.0216360402
-0.0157314379
0.0004257923
0.0145271669
-0.0068135687
0.0115527182
-0.0315461848
0.0057674560
-0.0274271053
0.0369716503
0.0648779060
0.0106852685
0.0204158821
0.0075361653
0.0280955920
-0.0206804747
0.0113946220
0.0321829227
-0.0291678720
-0.0187109202
0.0264754818
-0.0321518076
0.0298951452
-0.0016029233
0.0473742412
0.0021888681
0.0081626828
0.0254811816
-0.0017172311
-0.0087696305
-0.0268392146
0.0609991183
0.0475440129
0.0023680424
-0.0117006068
-0.0109404651
-0.0293888067
-0.0010740104
0.0091003612
0.0008473662
0.0201246692
-0.0077477783
0.0048539199
-0.0246183614
0.0181006845
0.0126191346
-0.0185190950
0.0078666994
-0.0152113672
-0.0215208242
0.0148734484
0.0168704523
-0.0096597696
-0.0288093453
0.0155481339
0.0325388060
-0.0083191530
-0.0197418623
-0.0347080917
0.0197960851
0.0023402845
-0.0211681100
-0.0408750166
0.0094066407
0.0104496395
0.0250076785
-0.0103167741
-0.0361239848
-0.0076878217
-0.0088582552
0.0302661672
0.0184849077
0.0042182285
-0.0394305451
-0.0215608332
-0.0204434371
-0.0252702298
-0.0027898465
-0.0150823465
0.0026166784
0.0145823700
0.0077956442
-0.0286715299
-0.0103093949
0.0364043444
-0.0231167608
-0.0030312645
0.0144685847
0.0103397577
-0.0112936632
0.0005563984
-0.0251824796
0.0222776453
0.0209208133
0.0159517708
0.0036642850
0.0042102870
0.0147991431
0.0067763114
-0.0297862443
0.0127252046
0.0495719830
0.0117925199
0.0291012660
0.0203226359
-0.0030907393
-0.0185198572
-0.0039170926
0.0119057939
0.0023717067
0.0160222009
-0.0004243842
-0.0375569658
0.0158619490
-0.0120666535
-0.0039370290
-0.0009732486
0.0036121327
0.0009830454
0.0276166670
0.0018871866
0.0064560317
0.0254545693
-0.0004248278
-0.0015589544
0.0053347105
-0.0045802294
-0.0414339427
0.0150097825
-0.0139040846
-0.0257846327
-0.0287364025
0.0107926446
0.0108482007
-0.0283490236
0.0068557147
-0.0117768161
0.0259486082
-0.0038143155
-0.0198793591
-0.0093923541
-0.0068069568
0.0227062289
-0.0016977998
-0.0200843729
-0.0180107192
-0.0278766006
-0.0212778328
0.0020325553
0.0096952657
-0.0120903476
0.0206051258
-0.0236492358
0.0324696643
0.0387921533
-0.0247658008
0.0180617065
-0.0109978286
-0.0077261943
-0.0067572525
0.0215738523
-0.0165954181
-0.0104837161
-0.0241061674
0.0063120655
-0.0399297280
0.0119370517
0.0200356661
0.0297341970
0.0102926193
-0.0015606271
-0.0033946794
-0.0164842627
0.0373744467
-0.0332672421
0.0156204717
0.0034183234
0.0018559683
0.0101673053
-0.0270676311
-0.0213334657
0.0031990257
0.0042039256
-0.0216349516
0.0205478853
-0.0327713615
-0.0331759738
0.0025501609
0.0103720475
-0.0335792765
0.0383921692
0.0627808950
0.0610616523
-0.0392414743
0.0214953116
-0.0025632146
-0.0259915406
-0.0449597583
0.0146692614
-0.0197276123
0.0144817557
-0.0138664060
0.0077476836
0.0111587779
-0.0579627059
0.0142370761
-0.0106778152
-0.0059801780
-0.0127124887
-0.0360296344
-0.0109927484
-0.0272939127
-0.0044970586
-0.0320918310
0.0319087290
-0.0363581396
0.0182464654
0.0035633798
0.0063351663
0.0160935101
-0.0074148240
-0.0044053934
-0.0168325764
-0.0092708627
-0.0472940727
0.0456935376
-0.0072449481
0.0272294212
-0.0122243859
0.0119636628
-0.0087985650
0.0163501177
-0.0004619216
0.0086364411
0.0220570555
0.0096337713
0.0213272658
0.0004057410
0.0204147412
0.0123564719
0.0431606490
0.0076258321
-0.0122723070
0.0256213448
0.0424659874
0.0037003376
0.0238359166
0.0249947120
-0.0034188307
-0.0024638471
-0.0047514919
-0.0099236810
-0.0278715691
-0.0136309118
0.0063700486
0.0282391422
0.0273350684
-0.0183048978
0.0330495326
-0.0445485177
-0.0177849701
0.0058972888
0.0123344191
-0.0246161543
-0.0228461625
-0.0181769026
-0.0392810676
0.0371062104
0.0025655672
-0.0434045854
-0.0076200636
0.0047304633
0.0024486549
0.0153713538
0.0253801415
0.0159070259
-0.0054620245
0.0116137616
-0.0238662480
-0.0151436274
0.0190673369
-0.0157120765
-0.0354854618
0.0059483086
0.0016230126
0.0294351271
-0.0236986401
-0.0238151173
-0.0095596125
-0.0291938995
0.0039969417
0.0182202646
-0.0213495982
-0.0128166440
0.0153255183
0.0347790770
0.0431334135
0.0007192049
0.0297829581
0.0004071527
-0.0173117227
0.0284488978
0.0298068971
0.0025629212
0.0145693687
-0.0035185375
0.0185959454
-0.0131844009
0.0046779841
0.0370811857
0.0295655616
0.0010300536
-0.0155963951
0.0099122833
0.0149172863
-0.0133188758
-0.0096864754
0.0340631018
-0.0014598764
-0.0082493992
0.0232263198
0.0354876135
0.0031222193
0.0229272090
0.0278446902
0.0038646330
-0.0002782941
-0.0372193058
0.0020274627
-0.0204101731
0.0177517512
0.0090573705
0.0013293251
-0.0116424136
-0.0118920130
0.0322492585
-0.0097980708
-0.0072475403
0.0283090449
-0.0014082288
-0.0044004702
0.0215585717
-0.0088279985
0.0299830471
-0.0015574908
0.0011690670
-0.0155602203
-0.0219162996
-0.0030964721
0.0140624567
0.0109622659
-0.0189413541
0.0245381714
0.0231833079
0.0277292093
0.0008388155
0.0334847488
0.0347499831
0.0126870400
0.0053920712
-0.0369053319
-0.0101505687
-0.0045445169
0.0052503604
0.0058145285
0.0350444595
0.0265037005
-0.0244638705
0.0289306453
0.0118339450
0.0193343209
0.0125244251
0.0304067733
-0.0289794644
-0.0236237625
0.0058008704
0.0510396292
0.0423996330
-0.0146908767
-0.0031298201
-0.0325750401
-0.0327437379
-0.0060502325
0.0197523305
0.0509915502
0.0128315980
0.0629682739
0.0148060468
-0.0079229855
0.0176679508
0.0168473220
-0.0433196786
0.0140685095
-0.0517760144
0.0240431366
-0.0297032397
0.0166785081
-0.0011024371
-0.0259546482
0.0292017255
0.0089775293
0.0276920464
-0.0353039343
-0.0082765549
-0.0291909131
0.0353389342
0.0269193328
-0.0038999419
-0.0012583029
0.0145450145
-0.0009309583
-0.0111198371
0.0338536240
0.0121787624
0.0065457713
-0.0194639158
0.0220999503
-0.0035456543
0.0066668198
0.0279487957
-0.0130113747
-0.0047621872
0.0032192609
0.0310820716
0.0319445710
-0.0108005372
-0.0131506262
-0.0066255859
0.0587946862
-0.0201824834
-0.0118423665
0.0277145263
-0.0188820325
-0.0046338203
-0.0029961881
-0.0044127667
0.0268813719
-0.0370600346
-0.0171705600
-0.0109418145
-0.0288520218
0.0006151785
-0.0164130355
-0.0053652571
-0.0278035904
0.0063488323
-0.0057163591
0.0201561207
0.0405186165
0.0241118209
-0.0120363553
0.0056073212
0.0156973906
-0.0363638576
0.0129988137
-0.0523103722
-0.0304903645
0.0081627125
-0.0184618040
0.0155153808
-0.0011828469
-0.0112086975
0.0037942323
-0.0083564388
-0.0318768033
-0.0239826653
-0.0044160112
0.0300092602
0.0039936792
0.0462633387
0.0329132490
-0.0072389210
0.0220616539
0.0089931422
-0.0365796237
-0.0267186704
-0.0138137615
-0.0053000656
-0.0068667249
-0.0309395121
0.0183397611
-0.0126205131
0.0045231342
-0.0201417226
-0.0088202882
0.0066821864
-0.0207294573
0.0005756037
-0.0146802967
0.0149401194
-0.0235037186
0.0003076902
0.0035581654
0.0078643682
0.0041821926
-0.0385483564
0.0010066813
-0.0175252087
0.0284928499
-0.0123003836
-0.0215512910
0.0382485920
0.0079363898
0.0026436183
0.0070226174
0.0031580916
0.0024057834
0.0100289764
-0.0255299368
-0.0395904720
-0.0064460935
-0.0171587935
-0.0094890582
-0.0457525653
-0.0098908446
-0.0185173437
-0.0016335625
-0.0017021103
-0.0428831134
0.0213235287
-0.0170791911
-0.0049463663
-0.0183112381
0.0236696217
0.0334033907
-0.0377490763
-0.0203597387
0.0072309598
-0.0280237489
-0.0101513538
0.0062662317
0.0077879039
0.0087951144
0.0029032503
0.0254686252
0.0007453714
0.0203175709
0.0240275004
-0.0261022381
0.0026324074
-0.0182216390
-0.0096658759
-0.0473038641
-0.0037643373
0.0083175782
0.0247974309
0.0232449972
0.0018344870
-0.0037194432
-0.0246756994
0.0009373932
-0.0163737764
-0.0341293799
0.0134176179
0.0350797724
-0.0032895633
-0.0262767972
0.0164560613
0.0117052164
-0.0109323108
0.0013711984
-0.0066366613
-0.0385394356
-0.0140995355
-0.0223679363
-0.0146080662
0.0183975214
-0.0024614641
-0.0195615395
0.0281015175
-0.0268218729
0.0262042544
-0.0705645912
0.0240815142
-0.0084123209
0.0110345082
-0.0069852611
0.0151404092
-0.0214206966
-0.0095679327
0.0301910355
-0.0009759987
-0.0175954331
-0.0085616227
-0.0058947906
0.0372888064
0.0045834062
-0.0079927250
-0.0048067904
-0.0121620430
-0.0073017587
0.0266457028
0.0132459209
-0.0078529644
0.0102843786
-0.0002976252
-0.0248239646
0.0214007904
0.0150716798
0.0019523746
-0.0056990559
-0.0175912676
-0.0334027636
-0.0349269161
-0.0133976417
-0.0185952229
-0.0365713766
0.0065821246
0.0169730959
-0.0040139023
0.0049634987
-0.0385996540
0.0409320911
-0.0165894637
0.0266862244
-0.0124687189
-0.0071980987
-0.0344801139
0.0019870321
-0.0178558418
0.0157077655
-0.0389161763
-0.0430836997
-0.0326683507
0.0141920150
0.0070649442
0.0028263770
-0.0179378280
-0.0092997172
0.0192155576
0.0248516050
0.0091258208
-0.0110486505
0.0221559151
-0.0099560766
0.0237254091
0.0046673223
0.0080427769
0.0291916489
-0.0049776969
0.0409008055
-0.0309602758
-0.0077531020
-0.0046843526
-0.0393986069
-0.0148933854
-0.0173340072
-0.0184438459
-0.0295515258
0.0125492898
0.0299084810
0.0165594716
0.0202214634
-0.0574826772
-0.0162523520
-0.0033177730
-0.0122900849
-0.0228423411
-0.0016475521
-0.0314017146
0.0091425623
0.0014264328
-0.0135252203
-0.0007117262
0.0318706249
0.0094063474
0.0144214773
0.0091721088
0.0003736518
-0.0298037767
-0.0091645128
-0.0045030968
-0.0337192407
-0.0296148375
0.0119152125
0.0197464518
0.0361425821
-0.0241059400
0.0182685272
-0.0298091090
0.0072171588
0.0238184667
-0.0096529657
0.0231590245
0.0469603617
0.0113523051
-0.0140373468
0.0284605350
0.0060438369
0.0032486379
-0.0063779623
-0.0195727726
-0.0195044055
-0.0072890688
-0.0397745610
0.0258838503
-0.0096972330
0.0229646314
-0.0081470673
-0.0225849460
-0.0184372780
-0.0141387772
0.0018839930
0.0347884086
0.0157601331
-0.0041254707
-0.0138936573
0.0146551997
0.0122748966
-0.0070995444
-0.0108805732
0.0053202554
-0.0110749129
-0.0004598717
0.0135196792
-0.0025149210
0.0208937511
-0.0159935040
0.0070004168
0.0107146216
0.0167472585
-0.0168426840
-0.0081335760
0.0392248211
-0.0069310530
0.0257120280
-0.0132340919
-0.0132868332
-0.0077158275
-0.0118362949
0.0342069018
0.0074135262
0.0033507567
-0.0194063162
0.0108619951
-0.0023929772
0.0111685268
-0.0028777635
0.0112707214
-0.0036945570
-0.0352621038
0.0331415792
-0.0146074131
0.0040570659
0.0032735983
-0.0017993582
0.0253272276
-0.0137663056
0.0089834603
-0.0171188470
-0.0158163489
0.0113842257
-0.0218418339
0.0060472460
0.0434871970
-0.0307895246
0.0109522427
-0.0300745146
0.0074104763
0.0084383337
-0.0015048288
-0.0003681787
0.0226401225
0.0238227192
0.0037385144
0.0126105260
-0.0422506927
-0.0000723670
-0.0064881045
0.0349313951
-0.0404931954
0.0144418121
0.0367045040
0.0284374023
-0.0292787458
-0.0063496154
0.0090177391
0.0056468468
-0.0082645587
-0.0010830809
-0.0202874462
0.0129274483
-0.0202022622
-0.0044041993
0.0015051668
0.0003113498
0.0069677818
0.0121137814
-0.0136283066
0.0056371604
-0.0122186444
0.0201194737
0.0039528666
0.0372699706
0.0049654233
0.0583537442
0.0024877553
0.0105473412
0.0143855326
0.0308388565
0.0250349707
-0.0107265129
-0.0002237517
0.0133425652
0.0072699736
-0.0077442823
-0.0215099499
-0.0311246986
0.0078853688
0.0060426675
-0.0077405737
0.0003186182
0.0434195942
0.0132773938
0.0323220914
0.0011837383
-0.0170075545
0.0099185751
0.0024034553
-0.0314029105
0.0203279464
-0.0145788161
0.0018547869
0.0122816931
-0.0021162868
0.0238347648
-0.0073139097
-0.0196467476
0.0172649935
0.0004251487
0.0436696467
-0.0096534060
-0.0047620474
-0.0085316650
-0.0551932643
-0.0066031334
0.0353667158
-0.0218578772
0.0189976169
-0.0123250076
-0.0032906303
0.0065222817
0.0406487306
0.0273811781
-0.0119273281
0.0199564309
0.0025770836
0.0046138635
0.0111729266
-0.0004046981
0.0077704338
0.0444141202
0.0484958489
-0.0235062453
-0.0217483931
0.0046913636
-0.0282201490
0.0160384865
0.0206472586
0.0057140731
-0.0055919770
-0.0038940879
0.0267836731
-0.0250355986
0.0402157723
-0.0245438126
-0.0005670945
-0.0203974499
-0.0361528675
-0.0209465032
0.0283595031
0.0226268054
0.0231976387
0.0151548186
-0.0067301124
-0.0208753954
0.0478105470
0.0031769340
-0.0110036373
-0.0302250779
-0.0084016990
-0.0391077872
-0.0530810652
-0.0158851662
-0.0152377672
0.0075541393
-0.0109070209
-0.0400724009
0.0177437611
-0.0355349935
-0.0241517212
-0.0065838996
-0.0125413090
0.0218815481
0.0298132469
-0.0285746650
0.0203648002
-0.0043321638
-0.0112776659
0.0167071140
-0.0103195508
-0.0131493794
-0.0326144412
-0.0166307818
-0.0063955936
-0.0115398725
-0.0371270205
-0.0082417006
0.0132819124
0.0114991304
0.0241044168
0.0081963439
0.0052921776
0.0045592158
0.0155562713
0.0020344124
-0.0432276306
0.0178595631
-0.0193122509
-0.0232766018
0.0089666013
-0.0181702624
-0.0411347142
-0.0217166305
0.0197759362
-0.0218704981
-0.0049812656
0.0065769911
-0.0011894589
0.0048376474
0.0082850262
0.0303649592
0.0325015991
0.0095395268
-0.0337774606
0.0303126770
-0.0263440282
0.0403279101
-0.0383892759
0.0368136441
-0.0220677566
0.0177398208
-0.0176412883
-0.0002845747
0.0452152248
0.0009334064
-0.0029217066
-0.0078535823
0.0205785220
-0.0373731707
-0.0072438865
0.0115375352
0.0061480421
0.0145870076
0.0397149298
-0.0273349565
0.0260639326
-0.0107078428
-0.0044986129
-0.0124368579
0.0178603795
-0.0156420602
0.0102753793
0.0231900048
-0.0177756773
-0.0075243351
0.0212806525
-0.0034576817
-0.0232608333
-0.0108565144
-0.0254861500
-0.0392662560
-0.0102431195
0.0185827330
0.0013534323
-0.0000290105
-0.0209791132
-0.0021356120
0.0009250491
0.0041341681
-0.0079041102
0.0285725979
0.0061545927
0.0451604341
0.0321354215
-0.0134000540
-0.0077772644
0.0051229490
0.0153298131
0.0184278897
-0.0210175372
0.0163016030
0.0016288855
0.0067478145
0.0331873961
0.0089409057
-0.0008518599
-0.0152888167
0.0326187247
0.0440632986
0.0204418858
0.0258086700
0.0047225378
0.0031833037
0.0281321435
-0.0003340304
0.0059053000
0.0349582348
-0.0005526709
-0.0022442059
-0.0200789712
0.0005379097
0.0179306049
0.0284508161
0.0115620521
0.0046565305
-0.0243705093
-0.0008010410
0.0272141686
0.0305478846
0.0317938950
0.0266088821
0.0359677885
0.0242353927
0.0149824580
0.0007428614
0.0180738282
0.0013213029
0.0185429432
-0.0366277128
0.0098752744
0.0001852531
0.0041979924
0.0189701012
-0.0042442550
0.0090501558
-0.0310262737
0.0322940929
-0.0153634452
-0.0577798088
-0.0307178947
-0.0371792091
-0.0185964477
0.0341346617
-0.0262965996
0.0102380008
-0.0101363462
0.0299138683
-0.0198661256
0.0158493677
-0.0123700410
-0.0178599352
-0.0464594753
-0.0040893634
-0.0325515296
-0.0227078835
0.0136901880
0.0041107370
-0.0114042270
-0.0270917968
-0.0269975852
0.0289151448
0.0120362206
-0.0189271365
-0.0281046606
0.0190706113
-0.0126032530
0.0151080471
0.0237474208
-0.0217191764
0.0141781681
0.0280106786
0.0448762264
0.0051850620
-0.0411858032
0.0046819282
-0.0019990520
0.0262044647
0.0112862586
-0.0019209656
-0.0034398231
0.0364321885
0.0162025759
-0.0279462669
0.0129312926
-0.0214430541
-0.0078002349
0.0004413573
0.0173765803
-0.0288975114
0.0052889311
0.0031406961
0.0132267517
0.0314433195
-0.0488963060
-0.0030958901
0.0068374926
0.0132555378
0.0077568941
-0.0038276456
0.0019908901
-0.0169412609
-0.0394878241
-0.0184127674
0.0289629024
0.0065353450
0.0141985034
0.0241086240
-0.0100121024
-0.0099243200
-0.0311627297
-0.0133771414
-0.0158485253
-0.0123682430
0.0101881517
-0.0165944596
-0.0197663109
-0.0297664050
-0.0142857783
0.0103033451
-0.0226282877
-0.0513906521
0.0183645850
0.0216995413
-0.0006624315
-0.0210364101
-0.0242301750
-0.0375430016
0.0139309959
-0.0250897737
-0.0104025573
-0.0057205883
0.0003477706
0.0200819842
-0.0056149112
-0.0358775890
-0.0252518935
-0.0339899753
-0.0005233094
-0.0154782245
-0.0176083274
-0.0178826438
0.0063553692
0.0131867074
0.0176954308
-0.0181024709
-0.0150215287
-0.0015373092
-0.0205095526
-0.0293373292
-0.0316747587
0.0190877027
-0.0291897306
0.0010283608
-0.0042352025
-0.0444307991
-0.0136582851
-0.0365199565
-0.0189610119
0.0221240299
-0.0040062506
0.0200378536
-0.0432714757
0.0126202372
-0.0150476505
0.0255921687
-0.0210969155
0.0118605583
-0.0182320498
0.0229380596
0.0030484093
-0.0282954946
0.0502068193
-0.0118240350
-0.0284898274
0.0221535449
0.0148071247
-0.0216152593
0.0025910889
0.0296397410
0.0026596953
0.0290555131
0.0109492686
-0.0147053663
0.0236689848
0.0210437028
0.0084558251
-0.0108783501
0.0138051198
0.0005358004
0.0205172717
-0.0128755185
-0.0178146791
0.0260069769
-0.0165150137
0.0045563495
0.0448361055
0.0095380467
-0.0124530008
0.0101262827
0.0182152689
-0.0778107558
-0.0061100155
0.0326672607
0.0264311811
0.0046142009
0.0286675273
0.0303313207
0.0100214603
0.0086252583
0.0124202787
0.0197654870
-0.0346903953
0.0259928352
0.0065030846
0.0076581216
-0.0094332878
0.0191470528
-0.0059353139
0.0255307476
0.0047556081
0.0385933272
-0.0308013057
-0.0011129719
0.0191221294
-0.0232003715
0.0001902815
-0.0108217607
0.0118417899
-0.0063681147
0.0251469887
0.0013527036
0.0166568290
-0.0647191372
-0.0033319040
0.0212344215
0.0028616617
0.0225510929
0.0379219803
-0.0221858485
0.0195810971
-0.0073645259
0.0251693977
-0.0037444505
-0.0214001510
-0.0265676401
-0.0368053021
0.0270886029
0.0106669784
-0.0067074567
0.0010481717
0.0131522318
-0.0260523783
-0.0074207208
0.0376360196
-0.0167898908
0.0461017778
-0.0474087156
0.0233143589
-0.0120528523
0.0016803958
-0.0175332754
0.0245666662
-0.0022933132
-0.0251729484
0.0238464712
-0.0387064655
0.0308814032
-0.0035208422
0.0023865319
0.0142869428
0.0227874754
-0.0032903309
0.0044432152
0.0179462342
-0.0076559363
-0.0027873742
-0.0212469492
0.0129647086
-0.0033641293
-0.0129093488
0.0003203013
-0.0305205008
0.0109469710
0.0159087793
-0.0241157349
0.0051012495
-0.0340012982
-0.0222454938
0.0044210094
-0.0102289360
0.0141448254
-0.0065712036
-0.0287010846
-0.0042672646
0.0106765339
0.0046397712
-0.0121080160
0.0325856765
-0.0362036304
-0.0228104920
-0.0208181949
0.0286734330
0.0307755279
-0.0071677688
-0.0081129918
-0.0044822466
0.0286460656
-0.0237644439
-0.0015479836
0.0360533976
-0.0009534515
-0.0230552277
0.0266576281
0.0043889522
-0.0292925270
-0.0035354528
-0.0074911526
0.0393804732
0.0210622289
-0.0188784872
0.0376083308
0.0296472605
-0.0117602150
0.0075401686
-0.0055411643
0.0456832397
-0.0240317895
0.0071840243
0.0157401402
0.0208831595
-0.0082319639
-0.0067172749
-0.0047453684
0.0129359324
-0.0476766786
0.0143306211
-0.0402764722
-0.0066405070
-0.0144710808
0.0347138211
0.0046667798
-0.0267089754
0.0141660455
0.0094266991
0.0081654423
-0.0022605237
0.0505479097
-0.0492190560
-0.0115888774
-0.0344608193
0.0220124433
-0.0025625651
-0.0054235509
-0.0115033274
0.0101557957
-0.0411723259
-0.0193292980
0.0041616635
0.0129339566
-0.0073163212
0.0058716457
-0.0002114435
0.0363649516
0.0069687168
0.0162424824
0.0218793364
0.0142297214
0.0082761027
0.0342893692
-0.0044961664
0.0003092852
0.0099813261
-0.0120289107
0.0298139476
-0.0164218496
-0.0202235602
0.0060279495
0.0350551312
-0.0239231036
-0.0083126655
-0.0212815184
-0.0148155462
-0.0173601307
0.0196533794
0.0093491576
-0.0503220377
-0.0196802209
-0.0317614170
-0.0135451418
0.0041000378
-0.0112518706
0.0096571337
0.0202984395
-0.0124131232
-0.0105594276
0.0026695042
0.0341397069
0.0120942136
-0.0047635302
0.0013977476
0.0037955353
-0.0085186503
0.0003098142
0.0054558884
-0.0060040978
-0.0056673284
0.0229805260
-0.0467812169
-0.0207571333
0.0068026389
0.0152333415
0.0536719703
0.0221330248
0.0328445953
0.0050592413
-0.0017364741
-0.0190445893
0.0278566046
0.0078353799
-0.0351202610
0.0152300342
0.0048055194
-0.0106876213
-0.0083210752
0.0284375141
0.0269312546
0.0061634656
-0.0113123952
0.0076741282
0.0154199673
0.0000918180
-0.0309887737
-0.0307577045
-0.0105300011
0.0233042845
0.0009908706
-0.0431688591
-0.0270760847
0.0031082167
-0.0097581784
0.0240814777
