0.0614078955
0.0350125361
0.0417635834
-0.0452969919
-0.0347233394
-0.0209586734
-0.0215873344
0.0061766708
-0.0199072810
0.0534378546
-0.0562103672
0.0464954652
0.0420302160
-0.0183890230
0.0114120968
-0.0249781023
0.0469698941
0.0128079874
0.0300352037
-0.0202706123
0.0022974578
0.0212759014
0.0734388571
-0.0225881699
0.0559498861
-0.0148149434
0.0064544847
-0.0106861365
0.0442977454
0.0303087551
0.0121877212
0.0457521995
-0.0278713328
0.0089670452
0.0321595683
-0.0214345041
0.0164017360
0.0050196670
0.0440281818
-0.0388131254
0.0167886142
0.0220521854
-0.0236819778
0.0526257308
0.0434331247
-0.0157480853
0.0494312822
0.0078717419
0.0621222368
-0.0205136620
0.0032563168
-0.0325463981
0.0335808868
0.0783356009
-0.0344000702
-0.0378763704
0.0043907819
0.0259540348
-0.0534723646
-0.0335799920
-0.0479067138
0.0164051340
0.0405780629
0.0840292263
-0.0348889082
0.0108051011
0.0070773411
0.0214463737
0.0699232431
-0.0552174151
0.0690645611
-0.0033789115
0.0175336326
0.0228248448
0.0444067134
-0.0112087223
-0.0557312737
-0.0283412147
-0.0435332289
0.0424478596
-0.0016458531
-0.0473174442
-0.0182868029
-0.0044452042
-0.0123559965
-0.0629696134
-0.0320977583
-0.0319712313
0.0404836816
-0.0330105869
0.0077930882
-0.0264100289
-0.0242232223
-0.0137903950
-0.0316628711
-0.0225529922
-0.0007682341
-0.0005592569
-0.0112068370
-0.0694216266
0.0275529999
-0.0019635611
-0.0149099824
-0.0293310323
-0.0090759495
0.0003317155
0.0337033398
-0.0255151337
-0.0297952553
-0.0108549421
-0.0407880177
0.0137193882
-0.0244683507
-0.0316591924
-0.0058163755
0.0213839546
-0.0706922807
0.0040823487
0.0102594292
-0.0397722514
-0.0424404067
-0.0203790113
0.0287475666
0.0255798733
0.0095017163
-0.0310218073
0.0095807330
0.0069832319
0.0479290528
0.0163762065
-0.0278503687
-0.0065765448
0.0583349943
-0.0078505294
-0.0276800689
-0.0136305959
0.0522752293
0.0575537831
-0.0673624723
-0.0000278493
0.0422467573
0.0099868156
-0.0029947057
-0.0072047590
-0.0951270096
0.0564305121
-0.0456594196
0.0496359740
-0.0224311571
0.0076020350
-0.0059932228
-0.0080761111
0.0739239400
-0.0192547349
-0.0374535191
-0.0397982452
0.0003377368
0.0260937854
-0.0057771094
-0.0542255033
0.0404101314
-0.0052336665
-0.0549123891
0.0425496951
-0.0209135906
-0.0068299045
0.0564673339
-0.0070970014
0.0239056245
0.0120034541
0.0483680753
0.0013628359
-0.0095290015
-0.0030165915
-0.0165567960
-0.0277259729
0.0242969565
0.0464965949
0.0023586962
0.0094930203
0.0093069400
-0.0057757860
-0.0034762086
-0.0219488904
-0.0646240956
0.0083935357
0.0209767168
-0.0068004430
0.0552640199
0.0039992852
-0.0460432254
0.0321535897
-0.0341013572
-0.0297580778
-0.0021767679
-0.0074846010
-0.0156605080
0.0064704634
-0.0176351806
-0.0164235459
-0.0457392829
0.0744022507
0.0079154969
-0.0331841381
0.0409519830
-0.0678729315
-0.0109492441
0.0369548501
-0.0461560244
0.0459520143
-0.0240926376
0.0604634671
0.0243216884
0.0194904847
0.0294357516
0.0240851993
-0.0261339497
0.0720401058
-0.0175494616
0.0472344721
-0.0162691721
-0.0612399132
0.0073222594
0.0092025191
-0.0025501689
0.0017208309
-0.0549007796
0.0386083379
-0.0285660244
-0.0530606439
-0.0359258326
-0.0538233158
-0.0014651165
0.0152901782
0.0267805197
-0.0195230127
-0.0270554561
0.0295882429
-0.0231655984
-0.0002896526
0.0437804967
0.0310271747
-0.0159568034
0.0073736434
0.0369365869
-0.0061216953
-0.0117240364
-0.0124492159
-0.0867797077
0.0038427579
0.0127773293
-0.0434968268
-0.0111871897
0.0008197133
0.0058072231
0.0200275534
-0.0144503245
-0.0143472253
0.0757953408
-0.0075510266
0.0196198971
-0.0497401418
0.0413554218
-0.0279055219
0.0127438448
0.0068597849
0.0121356975
-0.0347702010
0.0566705116
-0.0199026623
-0.0072370064
-0.0020681279
-0.0114585495
-0.0197247727
-0.0033198713
-0.0002101320
-0.0039697681
0.0018282912
0.0001832293
0.0141962777
0.0523462881
0.0437420711
-0.0110696427
-0.0710106516
0.0211751651
0.0203663998
-0.0636155600
-0.0038590398
-0.0343589319
-0.0430181864
0.0252022155
-0.0062190452
0.0130711353
0.0989610422
0.0214310293
-0.0052046466
0.0366915167
0.0126601091
-0.0378366275
-0.0342709315
0.0124723154
-0.0131109693
0.0382210278
0.0706401063
0.0047180477
-0.0213422413
-0.0940614566
-0.0116318538
0.0113027714
0.0619111396
-0.0101288497
-0.0320043732
0.0223002776
-0.0554745622
-0.0044583806
-0.0579179915
-0.0141533221
0.0445444353
-0.0162904714
-0.0217781624
-0.0551118798
0.0338525199
-0.0218729731
-0.0051770075
-0.0281120780
-0.0495222117
-0.0020919905
0.0017068102
-0.0231272563
-0.0108901844
-0.0651814418
-0.0141266543
-0.0276970021
-0.0094926408
0.0290212650
0.0081595396
0.0310073674
0.0308053330
0.0688558136
0.0263813954
-0.0089878841
0.0583962061
-0.0221296004
0.0266930611
0.0192095402
-0.0013403972
0.0076106179
-0.0346439983
0.0111078377
-0.0186035932
-0.0325109988
0.0227966107
0.0168465602
-0.0253599769
-0.0323376038
-0.0126666673
-0.0340223861
-0.0258807124
-0.0578852593
0.0252493724
0.0606302097
-0.0432210759
-0.0243214117
-0.0624782631
0.0039622695
0.0039989416
0.0000993432
0.0156268689
-0.0617680239
-0.0287539644
-0.0113824109
0.0074376806
-0.0102656739
0.0214447121
-0.0129989461
0.1069251212
-0.0076748245
-0.0065838796
0.0366136101
0.0310935365
-0.0123839332
-0.0436115967
0.0106287346
-0.0600629873
0.0315237209
0.0240193741
0.0094693182
0.0599067108
-0.0095667355
0.0143139221
-0.0036308681
0.0186584347
0.0024057697
0.0044354991
-0.0221974905
0.0044627453
0.0073505841
0.0075606750
0.0138311246
-0.0448204436
0.0184273520
0.0199441381
0.0275723885
-0.0286965611
0.0680498741
0.0211619000
0.0221660378
-0.0386759121
0.0759092616
-0.0003114284
-0.0156604574
0.0362646632
0.0044221687
0.0406530983
-0.0005978594
-0.0235917142
-0.0093848147
-0.0059141225
-0.0048064061
-0.0189573941
-0.0053966673
-0.0410659691
0.0306383408
0.0436253204
0.0223778255
-0.0635528535
-0.0625061710
0.0016962299
-0.0565102975
0.0089036974
-0.0582998606
-0.0104458354
-0.0126918766
0.0067999669
-0.0141702183
-0.0139817163
-0.0092098875
-0.0508058231
0.0106096741
0.0864331557
0.0399506082
0.0189020936
-0.0036725326
0.0203012805
-0.0295751501
0.0627465233
-0.0066135443
0.0371068031
-0.0373143299
0.0046926378
-0.0369508323
0.0254421565
0.0149047066
0.0183903567
-0.0142456257
0.0402710732
-0.0298517229
0.0142325866
-0.0155551276
0.0324276757
0.0048895235
0.0349872627
-0.0199649403
-0.0295731492
0.0138662518
0.0566479091
0.0465420322
0.0190405959
-0.0271603181
-0.0320208461
-0.0075498657
0.0223716741
0.0718584178
0.0418529631
-0.0043981586
0.0126201848
-0.0066388271
0.0214520473
0.0613198071
-0.0170605970
-0.0534693540
0.0371441389
-0.0389808911
0.0090622079
-0.0266179988
0.0693490223
-0.0211669171
0.0050424515
-0.0183762080
-0.0144306959
-0.0017249899
-0.0055051654
-0.0437710585
-0.0070520075
-0.0158456769
-0.0170408007
-0.0512351374
0.0366061707
0.0088884628
0.0533571922
-0.0188690556
0.0722540566
-0.0037080766
-0.0003127219
-0.0054238181
-0.0506385879
-0.0230002151
-0.0067610051
0.0080920643
0.0191868049
-0.0534635114
-0.0022573423
0.0487489079
0.0190415982
0.0142916817
-0.0304095497
0.0345490900
-0.0205277312
0.0027655909
0.0668917726
-0.0347907764
0.0468188967
-0.0215258974
-0.0238137159
0.0236329567
0.0456990361
-0.0435048792
0.0800934688
0.1000686699
-0.0459010792
0.0539111527
0.0625725074
-0.0124697773
-0.0543573660
-0.0166526181
-0.0177320161
0.0344836755
-0.0315148162
-0.0298740048
0.0302680470
0.0000246021
0.0113578990
0.0435275013
-0.0216862123
0.0331864491
0.0179322083
0.0059560024
0.0053637859
-0.0195189178
0.0068897491
0.0352388939
-0.0231888983
-0.0257626582
0.0083721119
0.0285535594
0.0036232812
0.0256753883
0.0401896071
0.0233275310
0.0173344709
-0.0125558613
0.0149746414
-0.0188728885
0.0167734839
0.0337658123
-0.0275285406
0.0238324028
-0.0568076728
-0.0225969999
-0.0467173550
0.0467837436
0.0553166720
-0.1036231044
-0.0531239977
-0.0148886658
-0.0391915509
-0.0140868228
0.0331385145
0.0032703854
-0.0259044736
-0.0289751652
0.0010667706
0.0117843980
-0.0077205102
0.0282215764
0.0053908571
-0.0258356549
0.0344619356
0.0290894539
0.0271475245
0.0428492255
0.0317091728
-0.0675171680
0.0048356535
0.0305670109
0.0227937506
0.0310841553
-0.0065924324
-0.0240135269
0.0339761474
0.0399594329
-0.0481571032
0.0105347667
0.0162321977
0.0152934558
0.0082103876
0.0755998290
-0.0247270898
-0.0374815046
-0.0194048649
-0.0414910539
-0.0438070639
-0.0319091040
0.0288721141
0.0001321477
-0.0446749729
-0.0105440627
0.0031059066
0.0162355736
-0.0061858092
0.0313214246
-0.0008136037
-0.0104167379
-0.0008551534
-0.0339624416
0.0004543093
0.0017226876
0.0744679983
-0.0250950852
0.0244264070
-0.0392022744
0.0125630074
-0.0090210219
0.0217736342
0.0132156470
-0.0061885337
0.0211572145
0.0410051892
0.0139067519
-0.0235824934
-0.0273093747
-0.0375392406
0.0107600729
-0.0200028236
0.0016779589
-0.0397537956
-0.1041303190
-0.0171502447
-0.0282567133
-0.0052966618
0.0148744268
-0.0019979419
-0.0527211462
-0.0198747706
0.0851585961
0.0043792458
0.0400206989
0.0158365033
-0.0327015028
-0.0199708083
-0.0233436664
-0.0146387077
-0.0060314104
-0.0260666192
-0.0289240637
-0.0590299301
0.0659553167
0.0792950157
0.0341730628
-0.0407337634
-0.0048694699
0.0024204628
0.0286905166
0.0197168039
-0.0172609721
0.0404564780
0.0085627213
0.0540730457
0.0104736467
0.0258811464
0.0087552986
0.0184892139
-0.0148317603
0.0179203230
-0.0092909789
-0.0070122411
0.0425448513
0.0671495853
-0.0052601638
-0.0107911735
-0.0082171569
0.0729620239
-0.0250207112
0.0097298273
-0.0422092856
0.0029865377
-0.0091052826
0.0149589831
0.0097567725
0.0414034551
0.0184497399
-0.0347394869
-0.0953634767
-0.0594481258
-0.0110824979
-0.0269035286
0.1031469311
-0.0070932711
0.0058762598
0.0678953938
-0.0036316483
-0.0314612464
0.0159964467
-0.0115893132
-0.0243990626
-0.0297962994
0.0421381472
0.0327165569
0.0110682200
-0.0273018238
0.0314203545
0.0624570819
0.0142043333
-0.0276487820
-0.0312435064
-0.0166173433
-0.0009141050
-0.0062805860
0.0371128794
0.0095794930
0.0121330426
-0.0429292796
0.0310796033
0.0039291075
-0.0228346964
0.0281068453
-0.0023992661
0.0163759147
-0.0149735872
0.0268144790
-0.0279814755
0.0143399457
0.0342875219
0.0818388652
0.0489324417
0.0027494323
-0.0331861147
0.0075149715
0.0346290613
-0.0209014608
0.0143601617
0.0089910465
0.0189885513
-0.0221797678
-0.0276140649
-0.0470957081
-0.0096354178
0.0468912122
0.0353911974
-0.0436892181
-0.0450202984
0.0080100235
-0.0211933258
0.0390321326
0.0254541112
0.0520333984
-0.0211765902
-0.0651700876
-0.0960559517
-0.0027017952
-0.0099453029
0.0650962223
-0.0034302237
0.0029912992
0.0012148738
0.0449882611
-0.0308876922
-0.0383435784
-0.0108746183
0.0719982550
-0.0283389338
0.0184985090
0.0163689527
-0.0205097250
-0.0563695581
-0.0244642214
-0.0469752680
-0.0032728863
-0.0486893884
-0.0278845218
0.0430685060
-0.0056998356
0.0160581421
0.0221870824
0.0764612160
-0.0083867704
0.0290929202
0.0263778293
-0.0191156231
0.0368403510
0.0273054020
0.0795620912
0.0147628767
0.0299170458
-0.0102437478
-0.0471615716
-0.0757440278
-0.0146918984
0.0461367775
0.0039417562
0.0683144069
0.0520654811
0.0224233084
0.0205430077
0.0194012869
0.0413294350
0.0168570586
0.0123383919
-0.0638069145
0.0159245314
0.0069637249
-0.0366918040
0.0174062456
-0.0172525494
-0.0214970381
0.0465473080
0.0194203079
0.0209005100
-0.0644465229
-0.0359323907
0.0023285331
0.0363045930
-0.0139018644
-0.0206033887
0.0308279784
0.0528834530
0.0094939856
-0.0187329591
-0.0062649526
-0.0124079005
0.0206066106
-0.0353243115
0.0445241982
0.0247998782
-0.0671014032
-0.0246233699
-0.0226642872
-0.0598289402
0.1017298289
-0.0094486077
0.0026981868
0.0053289756
-0.0582068691
-0.0016184977
-0.0436865700
0.0265110442
-0.0428658609
-0.0013554314
-0.0033932396
-0.0209554732
0.0145542222
0.0634541260
-0.0086851405
0.0149368965
0.0182751132
0.0068275394
0.0042405019
0.0200406347
0.0149697387
0.0074604644
0.0373445643
-0.0345018809
-0.0491665196
-0.0246735240
0.0141942930
-0.0275952833
-0.0110303778
0.0488218569
-0.0133357012
-0.0565946701
0.0386869656
0.0087087536
-0.0101462472
0.0464385169
-0.0672831563
-0.0414858919
-0.0017084372
-0.0411954368
-0.0619578871
0.0007316599
0.0109440964
-0.0510514160
-0.0206119994
-0.0418169741
-0.0408642325
0.0059523640
-0.1190129193
0.0589344710
0.0157025063
-0.0157374745
-0.0495468420
0.0004163025
0.0233049913
0.0353583535
0.0293621216
0.0276315336
-0.0691266858
0.0110795239
0.0457291707
-0.0359028429
-0.0177150431
0.0518905136
0.0116477918
-0.0057327705
-0.0272401766
0.0159798706
0.0600338889
0.0906718849
-0.0060201734
-0.0634123125
0.0247139805
0.0608518213
-0.0131318001
-0.0332437987
0.0094899949
-0.0049285808
-0.0607118165
-0.0428629590
-0.0012254321
-0.0232063970
-0.0139775877
-0.0239554869
-0.0318272372
0.0176975579
0.0266176475
-0.0501556674
-0.0233206949
0.0005743650
-0.0085380629
-0.0243271970
-0.0012337786
-0.0391738859
-0.0804763541
-0.0084669315
0.0443874992
0.0724125770
-0.0156599476
0.0186600312
-0.0429953946
-0.0077105523
-0.0217613917
-0.0693534958
-0.0438702019
0.0249898703
-0.0158470286
0.0003853558
-0.0159502565
0.0014063239
-0.0334907981
-0.0306155357
-0.0494505001
0.0167625310
0.0629883333
-0.0529159588
0.0011507753
0.0794760190
0.0375716997
-0.0034015962
0.0341194399
0.0739979167
0.0579148222
0.0073236657
0.0021386293
0.0190054841
0.0367608564
0.0051363036
0.0113988208
-0.0020502471
0.0879467247
0.0365731409
0.0375579913
-0.0017466446
-0.0257166627
-0.0567773016
0.0091460100
0.0051515168
0.0582177512
0.0446912035
0.0154152095
-0.0407147820
0.0092449689
0.0508254743
-0.0305607802
0.0005065577
0.0061055110
-0.0486175507
0.0236913155
0.0241266747
-0.0351445096
0.0533972067
-0.0251882509
-0.0190134882
0.0361660305
0.0367557590
-0.0504901358
0.0643469739
-0.0136999875
0.0625078310
0.0638263879
-0.0888974259
0.0417994788
0.0269412038
-0.0190887944
-0.0262406787
0.0234266940
0.0146812663
-0.0160241726
-0.0359362854
-0.0300844611
0.0473733476
-0.0529932925
-0.0385261841
0.0711807414
-0.0570170061
-0.0131650547
-0.0706204818
-0.0022163539
-0.0105177592
-0.0109582505
0.0243105952
-0.0080001452
0.0114634287
-0.0025596668
0.0331562795
0.0022130545
0.0163088357
0.0009655700
-0.0107892442
-0.0100697195
0.0382678690
-0.0554147019
0.0008078850
0.0169185879
-0.0472285544
0.0093605963
0.0054986232
-0.0162668132
0.0644013665
0.0152878612
0.0196904967
-0.0240873616
0.0110267227
-0.0807991582
0.0217158635
-0.0678562741
-0.0048866893
0.0590850541
-0.0425542027
-0.0021429606
0.0026304088
-0.0154574507
0.0146330659
0.0072177001
0.0741975504
0.0308061131
0.0295875205
0.0395474473
0.0262579356
-0.0352084718
-0.0165967436
0.0621003928
0.0057511999
0.0020215790
0.0004289675
0.0226839807
-0.0009292853
0.0603455396
-0.0376538667
0.0014384234
0.0431162689
-0.0110619977
0.0027828570
-0.0880063270
-0.0379477368
0.0493274744
-0.0485800022
-0.0264143214
-0.0220670149
-0.0037846447
0.0541116918
-0.0116219272
0.0279918437
-0.0210937270
0.0314245866
-0.0353197391
0.0718772593
0.0554878369
-0.0083232478
-0.0124436344
-0.0370606223
0.0021901548
-0.0276044222
0.0844307272
0.0650294932
-0.0226501889
-0.0346144047
-0.0196653708
-0.0586242970
0.0182204856
0.0543793197
0.0685431660
0.0238859735
0.0225336114
0.0032419146
0.0591577502
0.0463297530
-0.0007505058
-0.0132171779
0.0452411800
0.0730998994
-0.0237583270
-0.0078514394
-0.0422238854
0.0474182020
-0.0446913007
0.0044986522
0.0113466587
0.0290508865
-0.0051594519
-0.0516523585
0.0544651149
-0.0142914664
0.0251857653
-0.0641738406
-0.0642587447
-0.0263947458
0.0051795585
-0.0010243586
-0.0241722412
-0.0076663603
0.0180202302
0.0341314576
-0.0234561888
0.0223821734
-0.0529549457
-0.0452362489
-0.0817870387
-0.0127586465
0.0388357204
-0.0330439220
0.0299283996
-0.0208526912
-0.0784585803
-0.0166884411
0.0469028969
0.0311228642
-0.0039407585
0.0158492120
-0.0344183045
-0.0136999390
0.0420356250
-0.0198599948
-0.0493017131
-0.0586939645
0.0364939994
-0.0222903010
0.0144565396
-0.0197797425
0.0029283315
0.0139946812
-0.0255348096
-0.0702140930
-0.0124572936
-0.0503588034
0.0171223334
0.0426747542
0.0108127991
-0.0171919286
-0.0127243113
-0.0435860346
0.0020992977
-0.0700836245
0.0433981753
0.0222018220
-0.0954886257
0.0740511425
0.0678910818
0.0524668888
0.0160710463
-0.0248364988
0.0160805316
0.0183710447
0.0192116401
-0.0404568666
-0.0178256064
0.0097119388
-0.1083565055
-0.0488225511
0.0249761856
-0.0108071933
-0.0352436744
0.0336354276
-0.0350983246
0.0113759434
-0.0082210801
-0.0111534400
0.0448625431
-0.0040565841
-0.0978236737
-0.0077486616
-0.0119901580
0.0296769813
0.0131282883
0.0102159324
-0.0137423106
0.0175298818
0.0283419925
0.0175455737
0.0138201700
0.0068200830
-0.0464484115
0.0912929963
-0.0189802121
0.0171982988
-0.0481747298
-0.0174068344
0.0139875974
0.0053731664
-0.0145037020
0.0028761798
0.0218848944
-0.0592570564
-0.0160167293
0.0519896700
-0.0080625335
0.0365683486
-0.0079521805
-0.0480899247
-0.0172787969
0.0203467346
0.1045639261
0.0483779636
-0.0018079473
-0.0401088497
0.0178547424
-0.0178474279
0.0538467039
-0.0245798936
-0.0375896738
-0.0165773848
-0.0427544374
0.0109684165
0.0249358870
0.0383704841
0.0261943478
0.0047055709
-0.0357226380
0.0255651194
-0.0072140605
0.0743093495
0.0312774993
0.0313558427
0.0018622769
0.0446721643
-0.0105070085
-0.0323156063
0.0681089842
0.0149458758
0.0240446647
0.0727046458
-0.0063703012
0.0370695172
0.0362318421
-0.0214933758
0.0457332505
0.0288775808
-0.0050297770
0.0529112479
0.0042869526
-0.0126304123
0.0194903488
0.0279208348
0.0096953157
0.0328222020
-0.0206649013
-0.0142730492
-0.0448702150
0.0228610376
-0.0003653827
0.0629589203
-0.0165861905
0.0166440063
-0.0813296461
-0.0903762255
0.0193533172
0.0003305037
0.0175517965
0.0211385013
0.0193272103
0.0436582185
0.0460843020
0.0247741790
0.0302794891
0.0614876153
0.0157465671
0.0116307668
0.0479201518
-0.0275854709
0.0008499679
-0.0551531728
0.0089059531
0.0349719763
-0.0216915574
0.0595617204
-0.0514341963
0.0093598068
0.0461801143
0.0376337100
-0.0172522523
-0.0167491130
0.0056969593
-0.0286593470
0.0186306945
-0.0559285054
-0.0019011876
0.0050247079
-0.0336353454
-0.0375704656
0.0178402567
0.0543921351
0.0262937626
0.0018874995
0.0232853045
0.0594372428
-0.0220548778
-0.0190719510
0.0403315214
0.0155315796
0.0297304493
0.0117575206
-0.0148000586
0.0083260375
-0.0586670611
-0.0239532524
0.0393641292
-0.0449794585
0.0061912831
-0.0166539025
-0.0185636514
-0.0318751504
0.0342439678
-0.0003696758
0.0606274150
-0.0640966823
0.0661917246
-0.0400450008
0.0003996854
0.0023091657
-0.0489140360
-0.0064586735
-0.0237588129
0.0130114765
0.0343900362
0.0474850944
-0.0379707067
0.0076202822
-0.1148022766
0.0639991052
0.0091419405
-0.0337047600
0.0136475000
-0.0085885266
-0.0155819424
-0.0184297841
-0.0849318219
-0.0374184472
-0.0638558519
0.0401219388
0.0336770194
0.0196981358
0.0145467400
0.0238797324
-0.0158394235
-0.0125780199
0.0078546793
0.0002895815
0.0168597692
0.0114611069
0.0300140410
-0.0523793702
-0.0206405431
-0.0050131464
-0.0161201358
0.0554208998
-0.0270264809
-0.0361047504
0.0047726947
0.0325707980
-0.0331258224
0.0401478209
-0.0350270480
-0.0559133586
-0.0260926366
0.0308149604
-0.0264190047
0.0643304289
-0.0447597881
0.0447119730
0.0190479976
0.0172020761
0.0165562586
-0.0165229422
-0.0121488772
0.0198485519
-0.0232845439
-0.0355085167
-0.0546361644
-0.0033491604
-0.0180025643
-0.0236132621
-0.0508440860
0.0300243762
0.0527948678
-0.0136689601
-0.0170299358
0.0456379646
-0.0358820307
0.0226890402
0.0415631767
0.0231696484
-0.0197885533
-0.0310501498
-0.0320499715
0.0517007823
0.0118851704
-0.0314461798
0.0547369948
-0.0578817950
-0.0249930307
-0.0340401116
0.0588528781
-0.0110078999
-0.0251065231
0.0571582220
0.0559017938
0.0184708615
-0.0013646196
-0.0135463164
-0.0598917189
-0.0429244030
-0.0362191403
-0.0572691648
-0.0030049166
-0.0131690830
0.0275005593
0.0581033355
0.0089941996
-0.0121083447
-0.0073222180
-0.0412005212
0.0404351577
0.0104919503
-0.0367153623
-0.0957892260
0.0469488838
0.0565175937
-0.0162795008
0.0410216812
0.0707319579
0.0004108913
-0.0133031702
0.0514634871
-0.0443169229
-0.0385173897
-0.0429662241
-0.0118270182
-0.0030898836
0.0193391801
-0.0208750653
-0.0186080490
-0.0143035062
0.0497708240
-0.0475232095
0.0491590827
0.0065303450
-0.0219865955
0.0324895759
-0.0224201350
0.0197701254
0.0043908293
0.0041719633
0.0025747875
0.0145987848
-0.0804580692
0.0493655433
-0.0891800682
0.0505794875
0.0035553285
0.0409548925
-0.0302601038
-0.0007095934
0.0207146341
-0.0452132074
-0.0010190771
-0.0394896772
0.0029113342
0.0095026373
0.0210547726
0.0302779377
0.0343244224
-0.0049744455
-0.0592176199
0.0061726254
0.0214786545
0.0038482346
0.0191493404
-0.0114509784
-0.0077178947
-0.0160226700
-0.0115745266
-0.0787563683
-0.0052398045
-0.0521205156
0.0618892235
-0.0569600725
-0.0271390369
0.0380095901
-0.0083650866
0.0462048527
-0.0196289321
0.0280450179
0.0606195498
0.0060418978
0.0129484964
-0.0060143721
-0.0048416078
-0.0260786903
-0.0234457001
-0.0010878180
-0.0170618024
0.0288748493
-0.0290681624
-0.0297028336
-0.0469795592
0.0688941484
-0.0223354447
0.0709890457
0.0185133011
-0.0437656091
0.0541749875
0.0138403872
0.0167864599
0.0326463296
-0.0122074429
-0.0154565258
-0.0149409395
-0.0927344306
-0.0524263247
-0.0318329626
-0.0560543917
0.0028035536
0.0020774436
0.0359819219
0.0024359805
-0.0680372505
-0.0310649457
-0.0263872432
0.0596571810
-0.0230106749
0.0145722903
0.0230997695
0.0253725283
0.0239311680
0.0347180865
0.0241253111
-0.0165283217
0.0112566460
0.0187316954
-0.0467975312
-0.0389802431
0.0282457224
0.0422112714
0.0396337965
0.0326907599
-0.0546157224
0.0031688570
0.0000487865
-0.0300284451
0.0113896192
-0.0366693944
-0.0444847728
-0.0806640093
0.0369794539
0.0344233542
-0.0157486645
0.0599895058
-0.0032140878
-0.0217193364
-0.0455728709
0.1198882447
-0.0315114054
-0.0063308656
-0.0641707729
-0.0492650651
-0.0004652470
0.0987589913
-0.0365050187
0.0028319800
0.0196981184
-0.0368980216
0.1010904966
-0.0814548760
-0.0184223214
-0.0479104740
-0.0520974256
-0.0437667517
-0.0307490821
0.0134502278
0.0303876784
0.0216229842
-0.0138324904
-0.0413606388
0.0218926461
0.0553574666
0.0053466782
0.0221953632
0.0129889612
-0.0146233231
0.0392790017
-0.0225569022
-0.0221411392
-0.0513174065
0.0285370656
-0.0174574491
-0.0543466327
0.0152664862
0.0088771473
0.0056751152
-0.0068660766
-0.0283876421
-0.0717256837
-0.0416743926
-0.0614597799
-0.0160656210
-0.0099721438
0.0430505130
-0.0109611348
-0.0442612097
0.0206943277
0.0397818724
-0.0369110182
0.0385072995
-0.0031238848
-0.0724996861
-0.0215446478
-0.0281596709
-0.0171822435
-0.0105594859
0.0224479099
0.0728828329
0.0151964422
-0.0161857121
-0.0056708089
-0.0237944520
-0.0308433534
-0.0178238634
0.0111421724
0.0272011415
-0.0121662115
-0.0113393794
0.0631957896
0.0017406212
0.0166860289
0.0021085043
0.0908827045
0.0140582548
0.0359790424
-0.0160687793
-0.0377409106
0.0123117380
0.0298152845
0.0179855242
0.0208633180
0.0609711991
0.0424023931
0.0283577357
0.0096199007
-0.0655442212
-0.0261159084
0.0103771039
-0.0180899199
0.0019552112
0.0581380602
0.0027892152
-0.0310579900
-0.0037655861
0.0048949249
-0.0173242282
0.0041098517
0.0014437701
0.0523036008
0.0210356395
-0.0715641118
-0.0184991187
0.0183527372
0.0194571696
-0.0189343432
-0.0003358435
-0.0391278178
0.0427929774
0.0618774118
0.0162592800
0.0390449237
0.0143144445
0.0029115957
-0.0572884324
0.0279627318
0.0098957063
-0.0229487842
0.0458631074
0.0362071296
-0.0090091352
0.0313599316
-0.0121468409
-0.0028404420
0.0144085630
-0.0765277029
-0.0267134169
-0.0254495648
-0.0448908663
0.0652974243
0.0315814058
0.0135575845
-0.0438282605
-0.0359421588
-0.0220274831
0.0327211462
0.0440945526
0.0825252492
0.0123982022
-0.0541970559
-0.0450040793
0.0221575903
-0.0633220843
0.0046324680
-0.0221922888
0.0894453711
-0.0267491605
0.0384367347
0.0363780289
0.0556934771
0.0252798768
-0.0270502239
-0.0526486709
0.0290104822
-0.0715283121
-0.0358026076
-0.0023191697
0.0106851551
-0.0211604876
0.0645940795
-0.0405704496
-0.0060717000
-0.0176213486
-0.0034199061
-0.0002778588
-0.0079319632
0.0334676174
0.0243592243
0.0506840615
-0.0304048386
0.0295935795
-0.0015071419
-0.0532756070
-0.0311075580
0.0568618156
0.0219424124
0.0168065508
-0.0116036733
0.0117952617
-0.0142575160
-0.0496976529
-0.0029297587
0.0188078969
0.0022920664
-0.0156271942
0.0188917084
-0.0021373130
-0.0771319410
0.0151603837
-0.0003018875
0.0539658084
0.0284436464
-0.0103859675
0.0514158811
-0.0129518728
0.0213321031
-0.0621898940
-0.0174445380
-0.0012465446
0.0843804430
0.0129120732
0.0259309441
-0.0330270264
-0.0636919409
-0.0062851297
0.0077669305
-0.0326377681
-0.0149694654
-0.0866109509
0.0610920850
-0.0814251103
-0.0167762356
-0.0276866855
-0.0473517701
0.0191301558
0.0346655902
-0.0664878968
0.0275765757
-0.0046175328
-0.0383151445
-0.0184169016
-0.0096147534
0.0409579299
0.0045001977
-0.0099519879
-0.0100022491
0.0336278900
0.0367008801
0.0433249805
0.0094981348
-0.0499751942
0.0116924194
0.0389200737
0.0207560966
0.0374312170
-0.0329696383
0.0367878810
-0.0291851577
0.0004803601
0.0224375262
-0.0382377909
0.0314054455
-0.0256605685
-0.0022283370
-0.0211513660
-0.0190920638
0.0267018471
0.0376550900
0.0192186032
0.0355608590
-0.0524505606
-0.0943960755
-0.0509389520
0.0267667722
-0.0022554986
-0.0554791512
-0.0119111759
0.0813987405
0.0622720848
0.0137743404
-0.0159525995
0.0306360179
0.0135787274
0.0457753225
0.0126792352
0.0004274867
-0.0168952050
0.0566147334
0.0036445010
0.0473425395
0.0295148737
0.0034314949
-0.0318082674
-0.0428378094
-0.0707402629
-0.0677615194
0.0238291735
-0.0751130774
-0.0378372467
-0.0143647648
0.0088738912
-0.0172260838
-0.0041230593
-0.0333740974
-0.0476497604
0.0350946424
0.0196396188
0.0103977802
0.0220363531
0.0464609709
0.0066524235
0.0464806746
-0.0168342326
0.0240193879
-0.0525121122
-0.0043398856
0.0192498138
0.0719407685
-0.0010401541
-0.0618148364
-0.0222525454
-0.0230947056
0.0275446245
-0.0428367806
-0.0279957936
0.0662793260
-0.0599146076
-0.0120899196
-0.0424955217
-0.0182165010
-0.0305837464
-0.0168179484
-0.0183439808
0.0037252663
-0.0509747351
0.0808994659
-0.0875248591
0.0055849761
0.0380974006
0.0657464857
-0.0173567304
0.0340123685
-0.0313797633
0.0400508850
0.0178805643
-0.0061615234
0.0130126722
0.0173520705
0.0690760953
-0.0698344830
0.0088456279
0.0492987109
0.0571957889
-0.0088878451
-0.0364304960
-0.0173957319
0.0054234773
-0.0537262604
0.0394561648
0.0330412966
-0.0127402635
0.0847642268
-0.0085613797
0.0244406460
0.0147430324
-0.0140480655
-0.0126563177
0.0207232609
0.0111952098
-0.0479051912
-0.0071510415
0.0211719158
0.0481308240
-0.0311846839
0.0022025747
0.0245262857
0.0082306594
-0.0559049641
0.0016094455
0.0146711789
0.0132310333
-0.0726896989
0.0116580472
-0.0010867909
-0.0554867380
-0.0126025621
0.0084917309
-0.0258631499
0.0844509017
0.0158429979
-0.0079466951
-0.0123581153
-0.0063089397
0.0089348323
0.0282848029
0.0071614333
-0.0132859702
-0.0021776006
0.0309905046
0.0150391776
0.0424326226
-0.0309112725
0.0688871164
0.0446565204
0.0254619649
0.0339008424
-0.0525558238
0.0018781920
0.0142939519
-0.0390296030
0.0113932603
0.0000032416
-0.0178690767
-0.0539246722
-0.0638551428
-0.0700276503
0.0206620977
0.0342996613
0.0764626162
0.0060091639
0.0312366803
-0.0358887963
-0.0329792377
-0.0235715617
-0.0531770915
0.0271004423
-0.0031099382
-0.0024761811
-0.0171284783
0.0797551706
0.0634788250
0.0661826044
-0.0400063018
-0.0021638311
0.0727948056
-0.1016034072
0.0870670686
-0.0026382203
0.0578995254
-0.0212336479
-0.0860807722
-0.0145355866
-0.0105160469
-0.0513422385
-0.0020669650
-0.0122500914
-0.0564931575
0.0038016251
-0.0036158217
0.0153855912
0.0260179702
0.0089976383
0.0370594026
-0.0036312300
0.0186256552
0.0693924851
0.0260948094
0.0011347030
-0.0071167722
-0.0447765373
-0.0009789521
-0.0081791234
-0.0189712464
-0.0132070186
0.0614956377
0.0239949401
-0.0220143896
